SNP	beta	se	Z	P
rs10197130	0.06044644084475	0.0121795532390747	4.96294401430295	6.9432601191204e-07
rs11737481	0.0532297910776399	0.0105290992423982	5.05549333824265	4.29279613977301e-07
rs4690909	-0.0517472869641682	0.0104558914390654	-4.94910331326026	7.45561662537094e-07
rs8396	0.0525821557853045	0.010536603390712	4.99042754438833	6.02457959503243e-07
rs7689418	-0.0531700935040238	0.0105337920032639	-5.04757389243581	4.47455732649773e-07
rs12505475	-0.0531710319687043	0.0105345396504348	-5.04730474544369	4.48086322158149e-07
rs2070630	0.0531478283811671	0.0105255272780538	5.04942194126298	4.43148965780669e-07
rs9398071	-0.0563162708310349	0.0111241677111612	-5.06251544324804	4.13760536800889e-07
rs17497477	0.0748371365585911	0.015091582606122	4.95886604551552	7.0905835409627e-07
