SNP	beta	se	Z	P
rs2531809	0.244451060891151	0.0488039217889309	5.00884051794777	5.47589238540549e-07
rs2531813	-0.253936648368835	0.0488814041018486	-5.19495405327834	2.04770407795238e-07
rs2531814	-0.239285469055176	0.0484494082629681	-4.93887289100436	7.85754070197433e-07
rs2021745	-0.249071031808853	0.048659510910511	-5.11865054021846	3.07729554561911e-07
rs2859373	0.247613817453384	0.0485965274274349	5.09529858533873	3.48192034094341e-07
rs2859374	-0.248532101511955	0.0487394034862518	-5.09920277506186	3.41087003357016e-07
rs12663002	-0.251367539167404	0.0503266379237175	-4.99472147430976	5.89207399054251e-07
rs2505294	-0.182799533009529	0.0363992787897587	-5.02206469708849	5.11189569507101e-07
rs6497714	-0.23956224322319	0.0487386807799339	-4.91523856184921	8.86744127957203e-07
