SNP	beta	se	Z	P
rs17265796	-0.292693048715591	0.0583993829786777	-5.0119202256376	5.38895459800428e-07
rs2474362	-0.251581490039825	0.0435878969728947	-5.77181987459207	7.84199206579003e-09
rs2110733	0.254314363002777	0.0440821945667267	5.76909488065129	7.96984255247211e-09
rs7578326	0.207551926374435	0.0412123538553715	5.03615801957847	4.74968506202545e-07
rs6436603	-0.253154247999191	0.0500250905752182	-5.06054552002351	4.18058633718448e-07
rs13405357	-0.274601876735687	0.0487874262034893	-5.62853788577286	1.81743586949461e-08
rs13423088	-0.207296535372734	0.0397701002657413	-5.21237145462525	1.86441754895619e-07
rs2894586	0.252880126237869	0.0428214333951473	5.90545682822767	3.51670874084442e-09
rs6713510	-0.25279513001442	0.0428371950984001	-5.90129978010305	3.60648911434102e-09
rs4072096	0.253071397542953	0.0428225919604301	5.90976365411981	3.42598922672028e-09
rs4645008	-0.25289586186409	0.0428385138511658	-5.90346954478225	3.55935356453737e-09
rs2943644	0.258211612701416	0.0427509546279907	6.03990285008407	1.5420704544073e-09
rs2943651	-0.214665398001671	0.0399083197116852	-5.3789635733227	7.4915863352847e-08
rs2943632	-0.212711378931999	0.0400202237069607	-5.31509719909442	1.0660040900101e-07
rs2943633	-0.252224057912827	0.0427960902452469	-5.89362384431461	3.77816695693134e-09
rs2705189	0.317656904459	0.0548009350895882	5.79655992985697	6.76890030735175e-09
rs17124170	0.302327215671539	0.0531803444027901	5.68494279355734	1.30856454806119e-08
rs12959057	-0.327781319618225	0.0606284439563751	-5.40639505533209	6.43058766938542e-08
