SNP	beta	se	Z	P
rs211718	-0.187754230841486	0.0293420651474179	-6.39880764691196	1.56594964756328e-10
rs11163924	0.1867619253919	0.0295602791236826	6.31800277021989	2.64965266314938e-10
rs7552404	-0.190059261445722	0.0294376565539883	-6.45633123333565	1.07271684710233e-10
rs12134854	-0.186330484287119	0.0295952393103344	-6.29596139883397	3.05500396370712e-10
rs2066183	-0.178776120256414	0.0292627974211762	-6.10933116486812	1.00049532964022e-09
rs7544117	-0.178385098800724	0.0292400165165307	-6.10071812715548	1.05592974966046e-09
rs1498315	0.189539215490202	0.029616657683844	6.39975035378811	1.55631201679039e-10
rs7533888	-0.189807093410402	0.0296573405677245	-6.4000038363846	1.55373047669524e-10
rs1858536	-0.17831811181956	0.0292361857203825	-6.0992262645001	1.06583111727812e-09
rs4949874	0.189489331452062	0.0296138277605348	6.39867743489032	1.56728542748431e-10
rs7535991	-0.178307162633721	0.0292350201915987	-6.09909490279611	1.06670727770978e-09
rs4949876	-0.189585926010876	0.0296440081988883	-6.39542145376905	1.60105128182589e-10
rs7513559	-0.178124918931594	0.0292240599995144	-6.09514622316523	1.09337461938483e-09
rs942270	0.188920266900824	0.0296503259289364	6.37160843876096	1.87055961072702e-10
rs7534754	0.186994758797496	0.0296961218053532	6.29694207287992	3.03574659546844e-10
rs1251079	-0.138094258726368	0.0275700801158048	-5.00884502860784	5.47576406955141e-07
rs1251078	0.145256465379659	0.027968272132038	5.19361599078785	2.06248342086176e-07
rs7524467	-0.186638081649711	0.0296414850492778	-6.29651589113814	3.04410086336456e-10
rs2275378	0.176208199220661	0.0291748165665962	6.03973631911061	1.5436627715184e-09
rs3818855	0.180625457317183	0.029373418113709	6.14928288624614	7.78340499663613e-10
rs2173378	-0.17984839681839	0.0292179571779274	-6.15540627030065	7.48852746025718e-10
rs1146574	-0.180290120269237	0.0291984110496828	-6.17465518799852	6.6308022947128e-10
rs11161493	0.180765153133602	0.0290194183003078	6.22911015179392	4.69091897018101e-10
rs12123977	0.191902317114095	0.0294603272419157	6.51392347200608	7.32128076244594e-11
rs1146579	0.178557835522551	0.0287971894151332	6.20052995271534	5.62733486234588e-10
rs11161510	-0.189339241943642	0.029194782534936	-6.4853794241169	8.85087595781698e-11
rs11161511	-0.179514005284438	0.0299755445186886	-5.98868204620997	2.11548262735871e-09
rs1146581	0.179729839202633	0.0288324074057864	6.23360500818127	4.55821557900762e-10
rs11161521	0.189811681497526	0.0292678295858877	6.48533506526389	8.85348054034594e-11
rs4646961	0.189853070687942	0.0292721539127826	6.48579094157596	8.82674890954407e-11
rs1612097	-0.180329956907467	0.0289038485605041	-6.23896006547308	4.40489418777041e-10
rs1767458	-0.168698689837136	0.0300371053026272	-5.61634312419515	1.95041163916636e-08
rs1694419	0.170891177612265	0.0294695398070034	5.79890893211887	6.6747765593174e-09
rs17587071	-0.194135334838252	0.0297899130583891	-6.51681441492431	7.18161871075838e-11
rs8763	0.189088968150547	0.0350657982074326	5.39240450287162	6.95210488152186e-08
rs1146588	-0.181305756083055	0.0292921670338787	-6.18956446183584	6.03306775272213e-10
rs12136754	0.180999575412011	0.0292566289941367	6.18661758496801	6.14688382390397e-10
rs7516226	0.194252007766199	0.0298596130119971	6.50550989017008	7.74302892240075e-11
rs11161620	0.160053870665502	0.0309645170645042	5.16894451581734	2.35419771197211e-07
rs1159214	0.157141012479349	0.0315764762532957	4.97652148450061	6.47370939305988e-07
rs1565717	-0.15755987924536	0.0316301971918016	-4.98131194977814	6.31546371507246e-07
rs5745427	-0.157692517032057	0.0316117026355251	-4.98842213120285	6.08744388738479e-07
rs5745433	0.157297043870186	0.0315534368948952	4.98510017764924	6.19297173714599e-07
rs2029681	-0.157694943094053	0.0316140663771262	-4.98812589348362	6.0967835724529e-07
rs10732723	0.161215248274415	0.0323427012112492	4.9845944289385	6.20919162089896e-07
rs11588578	0.162534702142852	0.032325152405803	5.02811866445133	4.9531534237278e-07
rs931507	-0.162989404868954	0.032408548930236	-5.02921020067304	4.92504249009003e-07
rs10873863	-0.157175886042891	0.0312784943121353	-5.0250464256494	5.03310765388621e-07
rs17048832	0.41794484854936	0.0644604842782939	6.48373733503111	8.94779440335779e-11
rs7566376	0.259792740663403	0.0510436577304693	5.08961842106245	3.58784744580274e-07
rs7578326	0.253223501244642	0.0335795013991567	7.54101432998054	4.66329863955283e-14
rs6436603	-0.263202490105293	0.0409422322729228	-6.42863067042297	1.28758541973853e-10
rs13405357	-0.304069219694513	0.0397358398668918	-7.6522660830397	1.97468100115704e-14
rs13423088	-0.257947460347352	0.032343507913872	-7.97524687285758	1.52076532471864e-15
rs2894586	0.290420095898445	0.0347733145283135	8.35180942161771	6.72250691449668e-17
rs6713510	-0.290526643106549	0.0347861278472811	-8.35179599126486	6.72327152632313e-17
rs4072096	0.290648007958496	0.0347732656105963	8.35837540291091	6.35878260547442e-17
rs4645008	-0.290654224060136	0.0347866974625028	-8.35532675596576	6.52518347795005e-17
rs2943644	0.289374391066103	0.0347241085175698	8.33352974115041	7.84671298263621e-17
rs2943651	-0.259915785608763	0.0324542891541982	-8.00867288677437	1.15952871034484e-15
rs2943632	-0.258873224632891	0.0325530131778815	-7.95235830300296	1.82994081554459e-15
rs2943633	-0.284915674756255	0.0347821595591145	-8.19143142253782	2.58137486353915e-16
rs2705189	0.231542391383019	0.045018238703151	5.14330187171033	2.69951329079917e-07
rs17124170	0.242021360542872	0.0436348511246988	5.54651509755878	2.91419475120265e-08
rs17059034	-0.278868654524239	0.0454955135976592	-6.12958580906288	8.8108144904034e-10
rs2132769	0.283281875205231	0.0462503721358429	6.12496423538385	9.07039782088173e-10
rs7969566	-0.259873653955703	0.0440876643086894	-5.89447542823183	3.75873521881141e-09
rs10850662	0.280195957254428	0.0529314507619016	5.29356277262863	1.19956039393451e-07
rs11068062	-0.257959032096496	0.0477635745602873	-5.40074804851339	6.63635781299644e-08
rs17804744	-0.193529162959007	0.0381770365473741	-5.06925577418391	3.9937423606528e-07
rs12959057	-0.283763408505786	0.049730852464588	-5.705983196404	1.15673410598466e-08
