SNP	beta	se	Z	P
rs2474362	-0.257209092378616	0.0435878857970238	-5.90093067547172	3.61456771837136e-09
rs17048832	0.532204926013947	0.07853914052248	6.77630188557533	1.23290926312175e-11
rs7578326	0.209955915808678	0.0412123426795006	5.09449116837301	3.4967913410541e-07
rs13405357	-0.27963775396347	0.0487874150276184	-5.73176000009773	9.93938444116401e-09
rs13423088	-0.207579165697098	0.0397700890898705	-5.21947952462517	1.79426649241158e-07
rs2943644	0.210458472371101	0.0427509434521198	4.92289655798615	8.5272532476231e-07
rs2943651	-0.211550027132034	0.0399083085358143	-5.30090186463768	1.15232020265956e-07
rs2943632	-0.209973990917206	0.0400202125310898	-5.24669854649291	1.54848957699679e-07
rs2705189	0.301318526268005	0.054800920188427	5.49842092490334	3.83207312510972e-08
rs17124170	0.328433156013489	0.0531803332269192	6.17583862462976	6.58131840420724e-10
rs424116	-0.312504202127457	0.0542832426726818	-5.75691846582934	8.56632593586194e-09
rs412923	0.302841573953629	0.0538973622024059	5.61885705679508	1.92224803957686e-08
