SNP	beta	se	Z	P
rs12712986	-0.203251182547405	0.037590176955426	-5.40702914988715	6.40787177690357e-08
rs17048832	0.415120136148727	0.0761428156595864	5.45186216917188	4.98450838260285e-08
rs7578326	0.265482416029432	0.0398132496915914	6.66819257623931	2.58972834498139e-11
rs13405357	-0.337246221430286	0.0470344613723568	-7.17019418507667	7.48914618381827e-13
rs13423088	-0.268072141359506	0.0383736509906676	-6.98583883573395	2.83158979121995e-12
rs2894586	0.263596132847493	0.0413982298667566	6.36732859583363	1.92348808662102e-10
rs6713510	-0.263616328860264	0.0414137342709589	-6.3654324706749	1.94740240477965e-10
rs4072096	0.263949775029869	0.041398098703332	6.37589124373542	1.81901980147045e-10
rs4645008	-0.263822971776685	0.0414142962226844	-6.37033574971575	1.88614839278625e-10
rs2943644	0.270401562994452	0.0413039050216842	6.54663434008221	5.88482135596785e-11
rs2943651	-0.277068618974067	0.0384741375578167	-7.20142507568114	5.95864667943115e-13
rs2943632	-0.275473824904956	0.0385915390301105	-7.13819225219345	9.456630887868e-13
rs2943633	-0.264160883669262	0.0413712266009454	-6.38513540382257	1.71245877490752e-10
rs13397769	0.406502993567149	0.0611972508381158	6.64250416481069	3.08397947045357e-11
rs7699713	-0.213603004938019	0.0432307437978951	-4.94099768295958	7.77238321968527e-07
rs13120165	0.546037108234527	0.0666824454750368	8.18861852388034	2.64241629823858e-16
rs933239	-0.340307606971329	0.0555682448887813	-6.12413812335531	9.11757791902881e-10
rs10768063	0.289785005221558	0.058742215405216	4.9331643899121	8.09080041847137e-07
rs11826838	-0.46231814705602	0.0600471562826831	-7.69925131640825	1.36865753601834e-14
rs9592432	-0.172344057167036	0.0339462420994278	-5.07697013007343	3.83501133350803e-07
rs7992861	0.17100823523379	0.0337804804318482	5.06233875444126	4.14144299811891e-07
rs957460	0.173878375575075	0.0344961599949016	5.04051394708205	4.64283288051243e-07
rs12184803	-0.168490756502957	0.0342758292538869	-4.91573100259421	8.84517823588674e-07
rs9599028	0.171355932713959	0.0339328798442683	5.04984939387344	4.42158522467729e-07
rs10467402	0.1710717518253	0.0339035385518811	5.04583766569132	4.51538670903338e-07
rs4883761	-0.173475276130671	0.0342517179360358	-5.06471752612909	4.09006367843245e-07
rs12870205	-0.171385812270646	0.0339427061154362	-5.0492677775242	4.43506700874614e-07
rs7985261	0.171077064623477	0.0339040974395816	5.04591118900431	4.51365045976105e-07
rs2126004	0.173992075543447	0.0343811691824316	5.06067942658432	4.17765108907481e-07
rs2126003	0.172608298432285	0.0348024759968037	4.95965569944328	7.06182283109424e-07
rs9599030	-0.176030183486846	0.0343490100921126	-5.12475273711795	2.97928466864992e-07
rs11617764	-0.176029343608677	0.0343488281768198	-5.12475542695427	2.97924213768303e-07
rs12870340	-0.176024272968938	0.0343484551533022	-5.12466345817637	2.98069665592657e-07
rs1953125	-0.17560729183944	0.034352526292794	-5.11191783517466	3.18904537091858e-07
rs9592437	-0.174568617635773	0.0339639657084051	-5.13981845154711	2.75004046664947e-07
rs8001212	-0.171307783673609	0.0340416893768263	-5.03229383763268	4.84645671365905e-07
rs9599040	0.171031535309395	0.0340064995272264	5.02937784503411	4.92073870580969e-07
rs1585440	-0.171313312371346	0.0340434639530011	-5.03219392150732	4.84898398673384e-07
rs9592438	-0.171311153783307	0.0340436067270364	-5.03210941064177	4.85112259215419e-07
rs8098023	-0.272669903471303	0.0530564504206405	-5.13924134218422	2.75849918254967e-07
rs424116	-0.304919112776472	0.0525898527421199	-5.79805983241057	6.708651862903e-09
rs412923	0.292598748898479	0.0522509068668674	5.59987886227517	2.14501645700041e-08
