SNP	beta	se	Z	P
rs211718	-0.100801838955634	0.0118918514308131	-8.47654711649401	2.3197581701483e-17
rs11163904	-0.0660834321542572	0.0119852481706644	-5.51373081418587	3.51305786848488e-08
rs12129523	-0.069916475061318	0.0119910341018864	-5.8307293989197	5.51856148993505e-09
rs11163915	0.0699787844045849	0.0120072840790065	5.82802771585421	5.60862654728888e-09
rs12125933	0.066566070115688	0.0121303883355169	5.48754650506837	4.07554740436982e-08
rs12126155	0.0776231759631179	0.0132807974460673	5.84476770151358	5.07275654178794e-09
rs11163924	0.100192265447093	0.0119590792818776	8.37792467844247	5.38690992742848e-17
rs17585530	-0.06984986183387	0.0119918821735767	-5.82476218685499	5.71939830299614e-09
rs7552404	-0.100674442898465	0.0119339338572461	-8.43598130362836	3.28435296813014e-17
rs12132750	0.0699252839131421	0.0120097316781299	5.82238519454002	5.80136499115176e-09
rs12131344	0.0698385437286914	0.0119952070488598	5.82220410570819	5.80765617615862e-09
rs12134854	-0.0970546042129565	0.0120106161217636	-8.08073484565799	6.43776511896432e-16
rs2066183	-0.077523917490969	0.0118681227939655	-6.53211285700442	6.4848258847067e-11
rs7544117	-0.0770770957173145	0.0118582939100449	-6.49984696803845	8.04017578239314e-11
rs1498315	0.0911891183445362	0.0120090133450113	7.59338970860727	3.11643456656534e-14
rs7533888	-0.0912198793351772	0.0120256190645655	-7.58546224068947	3.31303797015197e-14
rs1858536	-0.0770093958619387	0.0118566296365802	-6.49504945523037	8.3006138749191e-11
rs4949874	0.0911279048673544	0.0120078283257187	7.58904128169239	3.22281081968966e-14
rs7535991	-0.0769868748810245	0.0118561606576067	-6.4934068544045	8.39166584934114e-11
rs4949876	-0.0909597729880921	0.0120199253221311	-7.56741581585508	3.80721736840382e-14
rs7513559	-0.0767744448085537	0.0118514397453603	-6.47806903280337	9.29038500843293e-11
rs942270	0.0908338144494292	0.0120196308550712	7.55712180720639	4.12086032976064e-14
rs11164042	-0.0609732485717975	0.012055625614639	-5.05765942978176	4.24433553731745e-07
rs11579752	0.0597566651807786	0.0120824850289513	4.9457263996267	7.58604454557664e-07
rs7534754	0.0903397615167948	0.0120296891395119	7.50973366552514	5.92477767633866e-14
rs1250876	-0.0780495291083446	0.0116541126031805	-6.69716620783674	2.12499887674403e-11
rs7524467	-0.0947926099395146	0.0120217663561005	-7.88508170360602	3.14329786888999e-15
rs1250880	0.0813857891616382	0.011468979572775	7.09616654604835	1.28264896175516e-12
rs2275378	0.0806131269830329	0.0118384970255078	6.80940551907392	9.80028701402099e-12
rs3818855	0.0744314623649586	0.0119257946872513	6.24121614675507	4.34181775563833e-10
rs2173378	-0.0830163610748899	0.0118594184802062	-7.00003640258141	2.5589601176919e-12
rs1146574	-0.0833849209132738	0.0118516952310784	-7.03569567791581	1.9826925144408e-12
rs7516477	0.0806417529775715	0.0114613685124318	7.03596196999525	1.978909108082e-12
rs11161493	0.0849304615403351	0.0117763015735197	7.21198085919528	5.51437271633941e-13
rs12123977	0.10064919225615	0.0119108293683708	8.45022534899407	2.90741094115613e-17
rs1146579	0.0868817369265324	0.0116717166434814	7.44378394201813	9.78414737873176e-14
rs11161510	-0.0976959207115498	0.0118396766977685	-8.25156997149786	1.56327061838135e-16
rs11161511	-0.0951106823469315	0.012125900320453	-7.84359757489562	4.37818632160805e-15
rs17647178	-0.0731508962118795	0.012022166322474	-6.08466845739212	1.16732610741884e-09
rs1146581	0.0859326161198059	0.0116939296763559	7.34848066459252	2.00472458420899e-13
rs11161521	0.100393581316432	0.0118595276294266	8.46522597302522	2.55656522903005e-17
rs4646961	0.100389298463783	0.0118613717571398	8.46354877995925	2.59361856105175e-17
rs1612097	-0.0859141673584342	0.0117236771099092	-7.32826113795106	2.33158069342813e-13
rs1767458	-0.0836455702807647	0.0121602569732482	-6.87860219276446	6.04426840061607e-12
rs1694419	0.06521518819649	0.0119236999760087	5.46937513755861	4.51624952557657e-08
rs17587071	-0.096350090375389	0.0120828198351658	-7.97413945501134	1.53446200861406e-15
rs8763	0.0939769591568421	0.0140632550518332	6.68244718669111	2.3498466005671e-11
rs1146588	-0.0805031011148275	0.0118824885444993	-6.77493614349785	1.24461219704347e-11
rs12136754	0.0804577125074472	0.0118677620219483	6.77951852747372	1.20577035051843e-11
rs7516226	0.094084967159006	0.0120953531737636	7.7786043786707	7.33289863090228e-15
rs12130832	-0.0680227271854702	0.0121665430745468	-5.59096587820237	2.25809956981388e-08
rs6664254	0.0680816877073499	0.0121863153676648	5.58673279439313	2.31381316935188e-08
rs12142247	0.0759156077035216	0.011866374649264	6.3975401036432	1.57900017271771e-10
rs11810154	0.0800141202373064	0.0119737267297828	6.68247422402614	2.34941295704375e-11
rs17647711	0.0810939103831831	0.0119187752971382	6.80387945585773	1.01838761918952e-11
rs1498311	0.0712001990588244	0.0119737713342289	5.94634698386858	2.74192606518078e-09
rs11161620	0.0849847934242819	0.0124900673401841	6.80419017044541	1.01619231752311e-11
rs11588643	0.0706377217763681	0.0121628080195212	5.80768204702363	6.33436616523063e-09
rs12093623	0.0793878101066673	0.0126389837120249	6.28118620258502	3.35999420819951e-10
rs1146646	0.0637076764285068	0.012406624620253	5.13497251496657	2.82185260386297e-07
rs6656501	0.0703895104237836	0.0121934717857723	5.77272098221574	7.80015460835784e-09
rs4949677	0.0766627740147797	0.0129402837426306	5.92435031097666	3.1353445380812e-09
rs5745325	-0.0694659339133437	0.0121762606007811	-5.70503015588281	1.16322493015238e-08
rs5745331	0.0685439882677581	0.0121733433717274	5.63066252012176	1.79518690077023e-08
rs5745347	0.0670237670422548	0.012147551546224	5.51747130170352	3.43912222861383e-08
rs12122939	0.073319020646547	0.0125821228648856	5.82723769541044	5.63523229867512e-09
rs7547056	0.0640262801225804	0.0124042618788301	5.16163563362458	2.44801423820986e-07
rs5745383	-0.068673282832017	0.0121778901097738	-5.63917741193123	1.70864424803494e-08
rs1856791	0.0691783922658527	0.0122217868635531	5.66025189591151	1.51150966160812e-08
rs1498313	0.0594234873537094	0.0117679557918346	5.0496015114997	4.42732626159959e-07
rs6683437	0.0767634054485982	0.012874709008314	5.96234100506874	2.48649553765625e-09
rs1159215	-0.0665963608153823	0.0123112517478762	-5.40938989626873	6.32398158866802e-08
rs1159214	0.0790220214890157	0.0127384999271865	6.20340086671956	5.52558520882105e-10
rs1565717	-0.0792478092059082	0.0127599565425002	-6.21066450672884	5.27610096337247e-10
rs7365179	-0.0865258551330401	0.0141715235553053	-6.10561417728781	1.02406115813488e-09
rs2172507	-0.082230339992256	0.0130466654763131	-6.30278596025548	2.92342484366243e-10
rs5745427	-0.0796465394442908	0.0127503527060592	-6.24661460591919	4.19444285811885e-10
rs5745430	0.069433270706178	0.0122221474425528	5.68093872476438	1.33957466499181e-08
rs5745433	0.0795200451935516	0.0127265840530021	6.24834164944625	4.14833497994765e-10
rs2029681	-0.0796527039336761	0.0127512797593119	-6.24664390062556	4.19365660569205e-10
rs6699682	0.0786071048876542	0.0128472861998864	6.11857661335118	9.44148873505385e-10
rs2029682	-0.0716262411205954	0.0120666308066885	-5.93589397637768	2.92248623597626e-09
rs2029683	-0.078917692905572	0.0128848398907243	-6.12484854874946	9.07699043711899e-10
rs5745442	0.0787971421212361	0.0128592263208989	6.12767363719031	8.91732606998736e-10
rs5745449	0.0798307249593828	0.0132478207066826	6.02595149246804	1.68117603612966e-09
rs11161836	-0.0798221619879552	0.0128975898763364	-6.18892077925407	6.05775158716856e-10
rs1001160	0.0690889737211244	0.0120508198903483	5.73313470367763	9.85912705464384e-09
rs1908089	0.081166284030868	0.011195625187577	7.24982148571143	4.17321289361459e-13
rs1303870	-0.0793986058280878	0.0112579055553361	-7.05269780758234	1.75481687419093e-12
rs5745523	0.081124361653081	0.0111962434824595	7.24567680045312	4.30285074075511e-13
rs6687882	-0.0809819191566525	0.0111901615703186	-7.23688560238966	4.59105076493479e-13
rs5745543	0.0699684446799368	0.0120321299241328	5.81513373950536	6.05854281056015e-09
rs11161848	0.0699477712489747	0.0120324176829505	5.81327652447508	6.1261738208975e-09
rs10873788	-0.076898196760723	0.01305598327786	-5.88988168291583	3.86472214303156e-09
rs11161857	0.0796262608675564	0.012884733854253	6.179891782652	6.41455565880221e-10
rs7523573	-0.0798648612092997	0.0129181228754217	-6.18238903434277	6.3138691643692e-10
rs10873797	0.0698032301954996	0.0120375634108179	5.79878400746526	6.67975003943992e-09
rs5745545	0.0697998385777837	0.0120375340292061	5.79851640779845	6.69041580647994e-09
rs5745546	-0.0810292033117702	0.011202528775468	-7.23311717700855	4.72031775119414e-13
rs5745547	-0.0696590761417039	0.0120187708026557	-5.7958569379085	6.79731905940015e-09
rs5745553	0.0697483103090157	0.0120367490216076	5.79461366053309	6.8478634228035e-09
rs5745554	0.0811055296052335	0.011209719132752	7.23528650849629	4.64547376064835e-13
rs5745558	0.0811037541461091	0.0112097322683678	7.23511964464769	4.65118911362942e-13
rs7519526	-0.0718839044074686	0.0113987494158427	-6.30629745290827	2.85789552708715e-10
rs7513194	-0.069176837908533	0.0120192532439948	-5.75550215177435	8.63846216274734e-09
rs6671871	-0.0805637960369752	0.0112045782009933	-7.19025692817544	6.46695115800414e-13
rs11161887	-0.0805598343803457	0.0112049912071162	-7.18963833984831	6.49631684506314e-13
rs10732723	0.0696303858267865	0.0130058518633667	5.35377355964765	8.61386458197462e-08
rs17650138	-0.0667286452098468	0.0132092645202399	-5.05165485236531	4.37998632593724e-07
rs12090849	0.0817141810585567	0.0128972683911393	6.33577425702766	2.3615233746196e-10
rs11588578	0.0686135301795109	0.013006298497875	5.2754079256847	1.32461105146088e-07
rs931507	-0.0691670366157531	0.0130381566676517	-5.30497050916406	1.12691213348805e-07
rs1770887	0.0646306344346115	0.0127877091270113	5.05412140616283	4.3237651632509e-07
rs1770885	0.0823060437161732	0.0130683775826647	6.29810725895713	3.01302003960735e-10
rs1796810	0.0656057576214097	0.0120706622236842	5.43514153620196	5.47529534734602e-08
rs1689275	-0.0815804037139619	0.013066256941263	-6.2435940208961	4.27629059142688e-10
rs1770882	-0.065521864078528	0.0120350619134982	-5.44424819327605	5.20246401782911e-08
rs1251584	-0.0661155840676318	0.0119820429833896	-5.51788907444968	3.43095871543664e-08
rs1251567	0.0624006134414941	0.0123855531487713	5.03817735808469	4.69985844785701e-07
rs12140121	-0.0780236621567706	0.0129669612040336	-6.01711233102941	1.77555875511052e-09
rs10518521	0.0778047702785766	0.0130286187286609	5.97183568718749	2.34598750376692e-09
rs10782602	0.077624442204716	0.0130305656271788	5.95710458207656	2.56745954185611e-09
rs879268	-0.0669446475858637	0.0123777129502367	-5.40848279928672	6.35608904361368e-08
rs4949686	0.077692693983428	0.0130393396180339	5.9583304261802	2.54827878776017e-09
rs10873863	-0.076673306669119	0.0126170756223439	-6.07694754031086	1.22491812835351e-09
rs1658739	0.0674582603888755	0.0130990549781269	5.14985703178734	2.60685092221966e-07
rs13397769	-0.12044353541505	0.0205738876072023	-5.85419429300693	4.79328007974039e-09
