SNP	beta	se	Z	P
rs7422339	-0.559454262256622	0.0394020043313503	-14.1986244545304	9.34283180055922e-46
rs715	-0.530400931835175	0.0381895825266838	-13.8886286977495	7.42431258294471e-44
rs7684	0.322670012712479	0.0366862863302231	8.79538500594036	1.42558322171709e-18
rs13388400	0.229063853621483	0.0387297384440899	5.91441777878667	3.33051554174609e-09
rs12623361	-0.218152269721031	0.0388937368988991	-5.60893056607286	2.03580673292205e-08
rs4142153	-0.212297305464745	0.0381434261798859	-5.56576392649005	2.61006404120376e-08
rs4142152	-0.214590042829514	0.0389084555208683	-5.51525471666229	3.48275169399079e-08
rs4142151	0.216848939657211	0.0378973670303822	5.72200542278739	1.05273946988109e-08
rs13386028	0.251814186573029	0.0349426791071892	7.20649340597413	5.74111023585178e-13
rs17775871	0.304490387439728	0.0493425652384758	6.17094765884397	6.78818930094189e-10
rs11887861	0.271157473325729	0.0357950925827026	7.57526950654575	3.58382864060667e-14
rs2371015	-0.268324851989746	0.0354986563324928	-7.55873263135714	4.07015555748838e-14
rs9288420	0.223877176642418	0.0386175215244293	5.79729531582689	6.73929568533737e-09
rs11677843	-0.215607985854149	0.0439683943986893	-4.90370387190159	9.40462360743032e-07
rs2887915	-0.24102258682251	0.0361851714551449	-6.6608109656543	2.7232072112249e-11
rs6435583	-0.374320387840271	0.0730506405234337	-5.12412191266405	2.98927530321447e-07
rs10490320	0.269470512866974	0.0362574644386768	7.43213892749551	1.06855480610356e-13
rs13402741	-0.22646164894104	0.0384731516242027	-5.88622557239572	3.95114959518461e-09
rs17776067	0.325091540813446	0.0536079369485378	6.06424270953619	1.32576823349755e-09
rs12470865	0.224856957793236	0.038478247821331	5.84374212769073	5.10410203398033e-09
rs2371019	0.224464610219002	0.0383854024112225	5.84765551795744	4.98549659299471e-09
rs2371022	0.226043716073036	0.0383989922702312	5.88670959076903	3.93960067309929e-09
rs2371023	0.22605063021183	0.0384008586406708	5.88660353475579	3.94212840863949e-09
rs7424145	-0.434450894594193	0.0418972112238407	-10.3694466028559	3.41496650387587e-25
rs2371025	0.226036414504051	0.0384036526083946	5.8858051032011	3.96120894359854e-09
rs13427306	0.244244500994682	0.0379330962896347	6.43882321468765	1.20403337481131e-10
rs13016820	0.226041540503502	0.0384065136313438	5.88550011785053	3.9685210380714e-09
rs16844814	0.226125717163086	0.0384130850434303	5.88668462601807	3.94019554014651e-09
rs13401591	-0.223044231534004	0.0385261625051498	-5.7894224867112	7.06288409832175e-09
rs13415037	0.226169273257256	0.0384178981184959	5.88708087463976	3.93076392825598e-09
rs10445807	0.22621513903141	0.0384212024509907	5.88776833103975	3.9144530208432e-09
rs4467202	-0.226657629013062	0.0384974926710129	-5.88759457531441	3.91856939713747e-09
rs12473077	0.256754636764526	0.0349939167499542	7.33712200892351	2.18235652113819e-13
rs4673545	0.287289798259735	0.0377677716314793	7.6067447416008	2.81085685062732e-14
rs4673546	0.403822481632233	0.041200052946806	9.80150394839575	1.10921638739676e-22
rs10932350	-0.256559997797012	0.0350046493113041	-7.32931204410497	2.31337173618583e-13
rs2371027	-0.279463917016983	0.0362775698304176	-7.70349056795589	1.32398883079016e-14
rs4560045	-0.403253763914108	0.0411110334098339	-9.80889387756544	1.03092383644966e-22
rs13422990	0.21834608912468	0.0376471504569054	5.79980387558469	6.6392523827598e-09
rs10167685	-0.240824624896049	0.0345140732824802	-6.977577607981	3.00312934853605e-12
rs2371028	0.227091357111931	0.0380278825759888	5.97170659339626	2.34784500684995e-09
rs4517917	0.256267309188843	0.0349696613848209	7.32827539760164	2.33133267802203e-13
rs12613336	-0.403221130371094	0.0411094464361668	-9.80847871540184	1.03517346621952e-22
rs1016395	-0.233813896775246	0.0466682501137257	-5.01012778935284	5.43939046009494e-07
rs2371030	-0.280013650655746	0.03675926476717	-7.61749867494163	2.5863856412704e-14
rs7586579	-0.227923989295959	0.0381039194762707	-5.98164158513665	2.20899923890307e-09
rs2887916	-0.262477457523346	0.0379450283944607	-6.91730823850597	4.60305832372773e-12
rs13000743	-0.280087351799011	0.0363045334815979	-7.71494149459274	1.21037742359711e-14
rs4673548	-0.257241696119308	0.0350318737328053	-7.34307556830499	2.08740588944026e-13
rs13006513	-0.228215292096138	0.0381281189620495	-5.98548520904716	2.15745728616555e-09
rs16844825	0.403834223747253	0.0412074476480484	9.80003001390402	1.12552197649439e-22
rs2216403	0.256958276033401	0.035003375262022	7.34095709656308	2.1207178926493e-13
rs2193618	-0.261769682168961	0.0369737073779106	-7.07988732353498	1.44271718264193e-12
rs2193617	-0.403292089700699	0.0411224476993084	-9.80710323105309	1.04937730454757e-22
rs2193616	-0.257300466299057	0.0350348055362701	-7.34413856051475	2.0708850470194e-13
rs10184528	0.25694927573204	0.0350035652518272	7.3406601265746	2.12542915233101e-13
rs4672590	-0.257306098937988	0.0350353196263313	-7.344191566747	2.0700646042824e-13
rs10211079	0.256951481103897	0.0350038930773735	7.34065438195474	2.12552038874867e-13
rs10211086	0.256955504417419	0.0350039340555668	7.34076072733757	2.12383202810188e-13
rs2111713	-0.25734880566597	0.03503792360425	-7.34486462647445	2.05967455893711e-13
rs2371034	-0.283823102712631	0.0363671183586121	-7.80438801650114	5.97909701574846e-15
rs3815630	-0.442796945571899	0.0422482416033745	-10.4808372790723	1.05802854648016e-25
rs10490322	0.443441063165665	0.0423414967954159	10.4729661615003	1.14982576106289e-25
rs10490323	-0.442822068929672	0.0422486327588558	-10.4813348980353	1.05247557232425e-25
rs12473296	0.2580246925354	0.035047210752964	7.36220335347453	1.8089910886513e-13
rs12998879	-0.258371353149414	0.0350788645446301	-7.36544231130097	1.76560467301473e-13
rs16844862	0.443464010953903	0.0423422642052174	10.4733183092098	1.14555506071088e-25
rs1024898	0.283346474170685	0.0363181680440903	7.80178322394186	6.10384335817427e-15
rs1024897	0.233228698372841	0.0456258095800877	5.11177117774647	3.19152267612586e-07
rs1024896	-0.238930553197861	0.0365145020186901	-6.54344274161437	6.01185088291527e-11
rs11680929	-0.44293487071991	0.0422548390924931	-10.4824649728367	1.03997202408024e-25
rs10490324	0.443633019924164	0.0423483736813068	10.4757982741611	1.11592105462318e-25
rs10932355	0.444001853466034	0.0423640087246895	10.4806383256	1.06025680293684e-25
rs2160847	-0.452517479658127	0.0447424575686455	-10.1138270950776	4.79728481273659e-24
rs7421152	0.468492478132248	0.0432459563016891	10.8332088869532	2.39608429462363e-27
rs16844874	-0.467733144760132	0.0431476719677448	-10.8402869362173	2.21774375070781e-27
rs6711167	-0.294984340667725	0.0486247316002846	-6.06654948951941	1.30687469277938e-09
rs4513233	-0.467717468738556	0.0431453883647919	-10.8404973617118	2.21264838334039e-27
rs13000755	-0.263361781835556	0.0374213755130768	-7.03773654027028	1.95387671511938e-12
rs4673553	-0.415820151567459	0.0348006561398506	-11.9486296435457	6.6004594874928e-33
rs10490325	0.468734592199326	0.0432535372674465	10.8369077262059	2.30118205428378e-27
rs10206976	0.468910396099091	0.0432629771530628	10.8386067477535	2.25884842762832e-27
rs2216405	0.469862639904022	0.0427960120141506	10.9791220674642	4.81581150690735e-28
rs2287413	0.283866137266159	0.0489307530224323	5.80138501314338	6.57693910726769e-09
rs10490327	-0.295207738876343	0.0486176684498787	-6.07202583523068	1.26306605804787e-09
rs957749	-0.221723794937134	0.0389416888356209	-5.69373855029928	1.24287359052188e-08
rs1558935	0.236579343676567	0.0377649925649166	6.26451450426995	3.73988751496508e-10
rs12997044	0.220850139856339	0.0380928106606007	5.79768560067855	6.7236350780878e-09
rs10172053	-0.455484986305237	0.0431496053934097	-10.5559478969141	4.76802485980286e-26
rs11687290	-0.244582176208496	0.0383936502039433	-6.3703809069807	1.88559310965022e-10
rs10932362	0.214373782277107	0.0434137433767319	4.93792438990652	7.89584424031682e-07
rs4672596	-0.258159935474396	0.0345308072865009	-7.47622067831928	7.64904699075627e-14
rs6435586	-0.192925348877907	0.0391335785388947	-4.9299183995187	8.22639708362299e-07
rs4673558	0.308081269264221	0.0390883386135101	7.88166701865755	3.23041942363498e-15
rs10164524	-0.208561152219772	0.0369378291070461	-5.64627530262702	1.63961216191983e-08
rs12998006	-0.302381902933121	0.0395944304764271	-7.63698073932764	2.22374750832846e-14
rs9646848	0.209028139710426	0.0385405570268631	5.42358896278358	5.84141216695012e-08
rs986294	-0.312902718782425	0.0400655083358288	-7.80977783083835	5.72888799375653e-15
rs16824978	-0.227202907204628	0.0418908558785915	-5.4236874000166	5.83819459288653e-08
rs986293	-0.207156613469124	0.0384068638086319	-5.39373937172568	6.90062906751522e-08
rs4673559	0.313538789749146	0.0402144230902195	7.79667506470835	6.35596245333842e-15
rs12328639	-0.257521271705627	0.04963718354702	-5.18807179020711	2.12482694604013e-07
rs12478788	-0.247783273458481	0.0370436981320381	-6.68894537946199	2.24784604479436e-11
rs1158374	0.247776880860329	0.0505323894321918	4.90332801683195	9.42264425995464e-07
rs12469291	-0.246861323714256	0.0379002764821053	-6.51344387502852	7.34470563553058e-11
rs13028224	0.19600921869278	0.037902370095253	5.17142379751415	2.32317009551544e-07
rs13019409	0.190818473696709	0.0371807031333447	5.13219109957008	2.86388502778216e-07
rs12613630	-0.22699137032032	0.0381250344216824	-5.95386663287118	2.6188023719812e-09
rs888426	0.228773638606071	0.0411459431052208	5.56005334526025	2.69692204503485e-08
rs17678015	-0.242254391312599	0.0389684289693832	-6.21668354921195	5.0777234045666e-10
rs6726552	-0.226367115974426	0.0349493101239204	-6.47701242661993	9.35564908011903e-11
rs13394054	0.21575915813446	0.0343686304986477	6.27779329592285	3.43412042201679e-10
rs6759308	0.201288521289825	0.0343527309596539	5.85946198938976	4.64369157865236e-09
rs6717111	-0.22675633430481	0.0381601750850677	-5.94222468317608	2.81179654135373e-09
rs12618979	0.234082505106926	0.0385534390807152	6.07163746447762	1.26612512536491e-09
rs4310999	-0.246611908078194	0.0394393093883991	-6.25294691774531	4.02779069805155e-10
rs13029304	-0.233991056680679	0.0448520332574844	-5.21695539057046	1.81888042380339e-07
rs4630697	-0.230000108480453	0.038926936686039	-5.90850778563682	3.45220500848554e-09
rs4513234	0.242197602987289	0.0363889299333096	6.65580448315373	2.81754601727299e-11
rs4338916	0.244371190667152	0.0371648333966732	6.57533394698405	4.85440918381677e-11
rs4603703	-0.244239330291748	0.0367862954735756	-6.63941087699876	3.14939358142456e-11
rs4337422	-0.244268417358398	0.0367859825491905	-6.64025806655457	3.131344148996e-11
rs12616954	-0.24674029648304	0.0369415357708931	-6.6792105778518	2.40232767227062e-11
rs35704389	0.253411203622818	0.0371243171393871	6.82601656136487	8.7304855585784e-12
rs4461202	0.186379194259644	0.0343621000647545	5.42397565656398	5.82878235391895e-08
rs12465522	-0.265021622180939	0.0368396304547787	-7.19392727096592	6.29537383878852e-13
rs4455102	0.26068177819252	0.0369564332067966	7.05375913129459	1.74147732769194e-12
rs1437370	0.256566256284714	0.0361086204648018	7.10540178445231	1.19972998612312e-12
rs12996484	0.265725374221802	0.0367972850799561	7.22133096624962	5.14811858915095e-13
rs1652323	0.172643944621086	0.0350421629846096	4.92674909071425	8.36090066348253e-07
rs1652322	0.172697797417641	0.0350426621735096	4.92821568642668	8.2983980161568e-07
rs1652321	0.172872751951218	0.0350444465875626	4.93295710974563	8.09939452103601e-07
rs523817	-0.172929033637047	0.0350338295102119	-4.93605854839935	7.97171849809871e-07
rs524652	-0.173014625906944	0.0350344516336918	-4.93841398506606	7.8760504031437e-07
rs550508	0.173631548881531	0.0350501462817192	4.95380382968874	7.27765781979879e-07
rs651797	0.173667177557945	0.0350501798093319	4.95481559588768	7.23989177349883e-07
rs651289	0.1737901866436	0.035050630569458	4.95826134423485	7.11268419065163e-07
rs1346711	0.173844859004021	0.0350508466362953	4.95979058103561	7.05692143773848e-07
rs1657865	0.174009367823601	0.0350513122975826	4.96441806076408	6.89073702132315e-07
rs395345	-0.174580752849579	0.0350390374660492	-4.98246428768877	6.27795798036319e-07
rs398665	-0.174658790230751	0.0350386798381805	-4.98474232012677	6.20444436650772e-07
rs2164709	0.175088375806808	0.0350485779345036	4.99559143694792	5.8655723660528e-07
rs1652318	0.175313472747803	0.0350465998053551	5.00229619196939	5.66514606946882e-07
rs1437374	-0.17536249756813	0.0350331813097	-5.00561156630031	5.56849486831487e-07
rs1370349	-0.175525888800621	0.0350310876965523	-5.01057490195761	5.42676709597917e-07
rs1370348	-0.175562188029289	0.0350306853652	-5.01166866131872	5.39600585578146e-07
rs1370347	-0.175582677125931	0.0350301712751389	-5.01232710930372	5.37756859643152e-07
rs319709	-0.17624506354332	0.0350182540714741	-5.03294833556221	4.82993326711671e-07
rs319708	0.176492735743523	0.0350263305008411	5.03885885903135	4.68315667677972e-07
rs319707	-0.176496475934982	0.0350118726491928	-5.04104643882998	4.62993085608424e-07
rs319706	-0.17682608962059	0.0350016206502914	-5.05194006264158	4.37344953053115e-07
rs319705	0.177005335688591	0.035011038184166	5.05570085518466	4.28813047164322e-07
rs1367053	0.183681830763817	0.0364354029297829	5.04130093244207	4.62377681620752e-07
rs1652312	0.177770137786865	0.034977201372385	5.0824574526199	3.72582785502095e-07
rs319703	0.17777855694294	0.0349775552749634	5.08264673003582	3.72211576552739e-07
rs192926	-0.177687466144562	0.0349658355116844	-5.08174518195582	3.73982888126276e-07
rs9876329	-0.184637814760208	0.0375236868858337	-4.92056698271604	8.62938602476503e-07
rs1868121	-0.19255268573761	0.0355744883418083	-5.41266212707031	6.20945892801324e-08
rs6762969	0.192338734865189	0.0355337150394917	5.41285184089044	6.20288124999824e-08
rs1868123	0.185344219207764	0.0351360961794853	5.27503733656045	1.32729062119853e-07
rs9879085	0.192346274852753	0.0355275571346283	5.41400226657507	6.16313852706081e-08
rs4679212	-0.185002654790878	0.0352822653949261	-5.24350272637207	1.5755647986833e-07
rs9813319	0.192324444651604	0.0355036742985249	5.41702932024685	6.05974066213024e-08
rs9870993	-0.193278476595879	0.0362939760088921	-5.32535968361596	1.00753467785717e-07
rs1374804	0.201631888747215	0.0358457081019878	5.62499388137442	1.85514550164114e-08
rs1992854	-0.199993312358856	0.0361746288836002	-5.52855187546991	3.22884952421915e-08
rs1992856	-0.178065955638885	0.035135243088007	-5.06801547360478	4.01984734036791e-07
rs1992857	0.190642461180687	0.0352203361690044	5.41285183269947	6.20288153384621e-08
rs1868134	-0.188759431242943	0.0354379862546921	-5.32647170994234	1.00138868332491e-07
rs13082246	-0.188994392752647	0.0354629456996918	-5.32934839516982	9.85657583306394e-08
rs1868135	0.188931837677956	0.0354335568845272	5.33200317127793	9.71352420334008e-08
rs1868136	0.188958749175072	0.0354361198842525	5.33237695865917	9.69354491879673e-08
rs12695477	-0.189863249659538	0.0355554446578026	-5.33992055188298	9.29873225302829e-08
rs7622374	0.189912244677544	0.0355403944849968	5.3435604030145	9.11384398067906e-08
rs4679107	-0.190124809741974	0.0355878174304962	-5.34241275440091	9.17175184945932e-08
rs11720893	-0.190040305256844	0.0355871878564358	-5.34013269111052	9.28785759862391e-08
rs6765882	0.189826875925064	0.035542082041502	5.34090478164464	9.24838264345593e-08
rs6768502	-0.189981818199158	0.0355807058513165	-5.33946175753364	9.32229308353292e-08
rs6781332	-0.189957141876221	0.0355783142149448	-5.33912710783888	9.33951505567469e-08
rs1447660	-0.189814850687981	0.0355650261044502	-5.33712108436298	9.44339792013984e-08
rs4679217	0.186733052134514	0.035329882055521	5.28541396886246	1.25420805791174e-07
rs11920239	-0.189764723181725	0.0355628281831741	-5.33604139142985	9.49977246651518e-08
