SNP	beta	se	Z	P
rs6672045	0.131350321516935	0.0266222759068823	4.93385020786215	8.06242808331443e-07
rs12749053	-0.1862941926953	0.0329214028893208	-5.65875619947324	1.52473971738612e-08
rs933107	0.18493053704391	0.0324639889849983	5.69648225082159	1.22304617547117e-08
rs11165339	-0.184790875675203	0.0324155615809433	-5.70068407464638	1.193276026226e-08
rs12755552	-0.186077574570456	0.0322675036941768	-5.76671738644713	8.08304282566706e-09
rs10747468	-0.187081611760682	0.0320254040776155	-5.84166280329449	5.16823364764573e-09
rs6678964	0.1789432038389	0.0325399762946027	5.49918052240807	3.81560348306922e-08
rs6671200	0.174727417368889	0.0329953856177387	5.29551069331807	1.18684248116203e-07
rs3753872	-0.139609653531046	0.02819795527501	-4.95105592478094	7.38118866871689e-07
rs7528790	0.141076702039372	0.0280436844072776	5.03060510846289	4.88934254772776e-07
rs2296308	-0.138058550772195	0.0276748886607	-4.98858558980387	6.08229632429472e-07
rs259357	0.175491654100734	0.032869301845908	5.33907458465174	9.34222083485896e-08
rs2147587	-0.142411014461394	0.0281071324319033	-5.06672158059599	4.04725574309298e-07
rs259350	-0.155563171486374	0.0314348323206105	-4.94875143279763	7.46910596332044e-07
rs259346	0.186871183077308	0.0327986697989876	5.69752322952671	1.21560423199936e-08
rs10936224	0.0963984884680999	0.0193689101130918	4.97697020148503	6.45872600700938e-07
rs10470476	-0.096629770702567	0.0193823233910983	-4.98545859300572	6.18150172030243e-07
rs9864752	-0.0982167438041011	0.0194774417898101	-5.04258951786391	4.59273779363066e-07
rs6982012	-0.198398819468373	0.036562927919804	-5.42622899083835	5.75571082467251e-08
rs17095079	-0.177182144664804	0.0349638217424114	-5.0675851733302	4.02894240964007e-07
