SNP	beta	se	Z	P
rs2269928	0.123130091011398	0.0171541513634493	7.17785965639508	7.08111921131051e-13
rs149803	0.100374412472966	0.0158612921117469	6.32826202088721	2.47937870076743e-10
rs174528	0.0995047799778952	0.010709823858511	9.29098193326676	1.52871406139593e-20
rs108499	-0.0969800751040204	0.0109945122389824	-8.82077103522296	1.13674244523288e-18
rs509360	-0.0852613615978893	0.0138056503096436	-6.17583088703412	6.58164076877739e-10
rs174532	-0.0824945369770475	0.0143863347488763	-5.73422893440534	9.79569469992089e-09
rs174534	-0.0963921322031525	0.0109022874917282	-8.84145939797381	9.44763390377065e-19
rs174535	0.114761398932641	0.0110335931709306	10.4010903025674	2.45112336184347e-25
rs174536	-0.114948868639035	0.0110499088858839	-10.4026983232305	2.41009970509431e-25
rs174537	-0.11495177857767	0.0110498439276678	-10.4030228236836	2.40190396891554e-25
rs102275	0.114768197871453	0.0110331470362156	10.4021271079533	2.4245939715513e-25
rs174538	0.113924781238248	0.0114806380071967	9.92320994415414	3.29970126898901e-23
rs412334	0.13375971325804	0.0218466991756827	6.12265094064766	9.20311638534456e-10
rs4246215	-0.100488344981964	0.0108805529657264	-9.23559172943703	2.56862290739584e-20
rs174541	0.10808173842922	0.010830007901691	9.97983929562456	1.86769030482662e-23
rs174545	-0.117851737444341	0.0109944014562192	-10.7192499667797	8.26709929888141e-27
rs174546	-0.118049674687021	0.0109842414326617	-10.7471849932212	6.10978541205348e-27
rs174547	0.11585139998524	0.0108689455433578	10.658936464728	1.58398383090392e-26
rs174548	-0.122615935315153	0.0112918864677231	-10.8587644469894	1.81183986709172e-27
rs174549	0.123206266532513	0.0113419453858249	10.8628865984927	1.73186609898817e-27
rs174550	0.118174992842983	0.010946961563397	10.7952322805372	3.62544613444769e-27
rs174555	0.123463298247545	0.0113567562355953	10.8713523198266	1.57843703236943e-27
rs174556	-0.123702499161049	0.0113779257331906	-10.872148585062	1.56471905257916e-27
rs968567	-0.144375830006712	0.0147157416284188	-9.81097885871388	1.00984157529389e-22
rs1535	-0.118804827225558	0.0109729591383977	-10.8270545553956	2.56266322961456e-27
rs174574	0.119513398061461	0.0109779858675844	10.8866416392791	1.33471806636142e-27
rs174575	-0.126004839984014	0.0124315541761607	-10.1358879347239	3.82879039353005e-24
rs174576	0.122002572477699	0.0109180676772815	11.1743740819234	5.44327529183604e-29
rs174577	0.117014894114522	0.0110024416257877	10.6353569593371	2.04045886949035e-26
rs174578	0.121889232403116	0.0109185275650394	11.1635228905223	6.15050330427692e-29
rs174579	-0.128915488714649	0.0131872298725289	-9.77578232583934	1.43047864838848e-22
rs174583	-0.118837702160083	0.0109537766796868	-10.8490163379413	2.01583040201603e-27
rs174585	0.129586197544677	0.0138802021225173	9.33604542648947	9.9999455024504e-21
rs174589	-0.121479447819602	0.0134690255895639	-9.01917120966254	1.89517612004788e-19
rs174591	0.121850173639298	0.0128843007728899	9.45725932568147	3.1612003678005e-21
rs174593	0.126121841861182	0.0144241368864653	8.74380511318678	2.25388096175534e-18
rs174597	0.126402905634387	0.0144588891877592	8.74222798120608	2.28557684996605e-18
rs174601	-0.121574308360941	0.0113342364451309	-10.7262901166288	7.66104335406511e-27
rs174602	0.109975237393865	0.017163228430673	6.40760785991316	1.47820509257409e-10
rs526126	-0.119950906135523	0.0154642030751402	-7.75668203221886	8.71801430278541e-15
rs174605	-0.0883558443844083	0.0120789736907499	-7.31484699333943	2.57674827357663e-13
rs174611	0.0928079434050615	0.0118768625577893	7.81418012993629	5.53219332022775e-15
rs174616	0.0720400033642701	0.0104770727504826	6.87596670176328	6.15708821471824e-12
rs174618	-0.0618489268812568	0.0106352226252262	-5.81548022648388	6.04600602767418e-09
rs174626	-0.0739236111312383	0.0107516622059103	-6.87555186495735	6.17503349527844e-12
rs174627	0.109242444483242	0.0146526190357239	7.45548930310024	8.95349192256858e-14
rs422249	-0.0865499458679829	0.0113511183845569	-7.62479457405122	2.44423305421998e-14
rs174448	-0.0895605093203359	0.011018994769644	-8.12782937034006	4.37045824625964e-16
rs174450	0.0730384963722224	0.0107633360934069	6.7858604189608	1.15396678860973e-11
rs174634	-0.0905297208938451	0.0119994797451507	-7.54447049510044	4.54128829357233e-14
rs174454	-0.0835350760439754	0.0119745941857726	-6.97602563794824	3.03647339426785e-12
rs1000778	0.0898918422698901	0.0119342192465003	7.53227675922332	4.98631294810318e-14
rs174455	-0.085861357364529	0.010962436719093	-7.83232410500363	4.78932975816866e-15
rs174456	-0.0897356543838218	0.0118769176299967	-7.5554665932163	4.1736093729003e-14
rs174464	0.08991577964452	0.0119428543883945	7.52883496025001	5.11950418407941e-14
rs174468	-0.0804277905171365	0.0129406660692361	-6.21511984675485	5.12854914011427e-10
rs174469	-0.109975141478032	0.0193082648215633	-5.69575477104564	1.22827317787551e-08
rs174476	0.0800162201461126	0.0131170341416266	6.1001762503753	1.05951572439549e-09
rs666870	-0.0800438223790055	0.0131418522001569	-6.09075655089547	1.12378334991494e-09
rs174478	-0.0800005049973049	0.0131495720387894	-6.08388659047719	1.17303593124242e-09
rs174479	-0.105816005048017	0.0145519644694555	-7.27159589140866	3.55265045882909e-13
rs7118965	-0.0810749957954184	0.0135708726954396	-5.97419175722301	2.31233689881053e-09
rs7108670	0.0721956976584491	0.0129955927007868	5.55539861249099	2.76978948118526e-08
