SNP	beta	se	Z	P
rs7542700	-0.0734575163763462	0.0148505969403169	-4.94643526260692	7.55848486194882e-07
rs12136006	-0.075307881048564	0.0152423122825429	-4.94071238356757	7.78376557066444e-07
rs10495055	-0.0754793939725062	0.0152348578815069	-4.95438779669407	7.25583707367667e-07
rs12137957	-0.0764546468733733	0.0152498656209069	-5.01346364446369	5.3458871929406e-07
rs12371097	0.0849378847104094	0.0165686161214217	5.12643205008488	2.95284558552838e-07
rs12821083	0.0803504002669164	0.0156516804513253	5.13365964228542	2.84161780641688e-07
rs6538879	0.0789620747092468	0.0155950698921921	5.06327161436964	4.12122027651624e-07
rs10873201	0.076250021893954	0.0137222747893225	5.55666047099459	2.74984913998538e-08
rs1077989	0.0757238668764428	0.0137874270731338	5.49224060985233	3.96866193004121e-08
