SNP	beta	se	Z	P
rs174528	-0.0894962797337824	0.01681661827035	-5.32189518100537	1.02691740911914e-07
rs174535	-0.101102363265429	0.0177796094180777	-5.68642206294093	1.29728548459823e-08
rs174536	0.101256612265791	0.017805892611434	5.68669116878584	1.29524379864969e-08
rs174537	0.101261164565762	0.0178058962908801	5.68694565617719	1.29331589415205e-08
rs102275	-0.101102847836234	0.0177791144609521	-5.68660762369711	1.29587731461011e-08
rs174538	-0.0922537954499416	0.0182918169743077	-5.04344623497597	4.57221280936543e-07
rs174541	-0.0886831051574371	0.0173093577623444	-5.12341973486519	3.00043403663337e-07
rs174545	0.103588566274296	0.0177601271363332	5.83264778901144	5.45546469607233e-09
rs174546	0.103724444326329	0.0177464186096471	5.84480996463952	5.07146884403679e-09
rs174547	-0.103115889070422	0.0175539218621396	-5.87423653131454	4.24796486179652e-09
rs174548	0.112789710393287	0.0182010114313624	6.1968924539511	5.75888212659289e-10
rs174549	-0.110027346428148	0.018247420398446	-6.02974798769464	1.64215551101321e-09
rs174550	-0.103763288082187	0.0176904556672681	-5.86549549846674	4.47793416370871e-09
rs174555	-0.108531059224134	0.018306406403382	-5.92858351511761	3.05558996255328e-09
rs174556	0.108791440059118	0.0183398690902085	5.93196382831329	2.99332578833033e-09
rs1535	0.104310882095685	0.0177359788597155	5.88131520232076	4.07019209663289e-09
rs174574	-0.105065310842651	0.0177512940583996	-5.91874093781548	3.24415492856001e-09
rs174576	-0.108495949192028	0.0176136583698429	-6.15976232273181	7.28542048312777e-10
rs174577	-0.103967112515181	0.0176253099893833	-5.89873951594645	3.66288962622583e-09
rs174578	-0.108054892773846	0.0176067035338066	-6.13714501220345	8.40176878071467e-10
rs174583	0.105104862436406	0.0175612062811329	5.98505938338227	2.16310927372464e-09
rs174601	0.0917638388629522	0.0180998400030379	5.06987016722527	3.98087170574481e-07
