SNP	beta	se	Z	P
rs174634	-0.0905112681510453	0.018335062667276	-4.93651261484849	7.95318953465345e-07
rs174454	-0.0896723984189011	0.0182628304277797	-4.9101040922167	9.10280603923559e-07
rs1000778	0.089860863652618	0.0182339559447855	4.92821546376042	8.2984074713933e-07
rs174456	-0.0908659864785651	0.0181444523557243	-5.00792113738823	5.50210683443671e-07
rs174464	0.0899352930673868	0.0182467033998322	4.92885159015704	8.27143746621207e-07
rs3843765	0.0904040773833824	0.0170922172344636	5.28919543575058	1.22855566517896e-07
rs4814176	-0.0878022491793362	0.0163831463673104	-5.35930322605977	8.35435324588592e-08
rs364585	0.0888098209940941	0.0162200957835813	5.47529571828986	4.36781578141275e-08
rs168622	-0.0892091864598459	0.0163174428800212	-5.46710579076529	4.57443063606027e-08
rs680379	0.0888554869561571	0.0162118661508795	5.48089196698288	4.23186843274644e-08
