SNP	beta	se	Z	P
rs7552404	-0.0506951409766391	0.0359859612783338	-1.40874772205019	0.158909778341261
rs483180	-0.0121800993753002	0.0371642222512611	-0.327737233217274	0.743110348806641
rs2286963	-0.0225017212333533	0.0342452155273397	-0.657076350282833	0.511131824722329
rs2943644	0.0236671569183763	0.0427713551509201	0.553341291966691	0.58002973123775
rs8396	0.0398257129793203	0.0371106766121174	1.07316051915681	0.283199101354968
rs419291	-0.00536171693515456	0.0351501044142988	-0.152537724268422	0.878762838886344
rs9368564	-0.0294415172876507	0.0399685102116814	-0.736617830680262	0.461354788571807
rs816411	-0.0232866800208972	0.034117606768101	-0.682541427339199	0.494896656576777
rs12356193	-0.0396625064712524	0.0474626249265506	-0.835657668167974	0.403347516300272
rs174547	-0.0275700468105569	0.0362520592682617	-0.760509812878248	0.446949905914493
rs2066938	-0.0046948673226907	0.0377199559769946	-0.124466405145173	0.900945998314276
rs12879147	0.0255231688872155	0.0515238915259624	0.495365705720318	0.620341997930773
rs1077989	-0.0234370626660311	0.03465851331269	-0.676228159430306	0.498895796586986
rs4814176	0.0123136856065167	0.0353341339711281	0.34849263934354	0.727470240753009
rs5746636	0.0534561218763912	0.0396260102481947	1.34901600089367	0.177331826662208
rs211718	-0.0447853258607984	0.0358696809270027	-1.24855657210722	0.211827304688543
rs477992	0.00942702639584356	0.0371024704586833	0.254080827484017	0.79943311489361
rs1374804	0.0194007246432207	0.035935114457127	0.539882088489436	0.589278351042887
rs4862429	-0.0366731954783317	0.0366235407723883	-1.00135581390811	0.316654818113634
rs270613	0.00487249664801235	0.0350843518529603	0.138879483036573	0.889545384002074
rs9393903	0.0223370098935364	0.0392898588422149	0.568518456206223	0.569682977177339
rs1894832	0.0293295948435583	0.034203650704271	0.857498958141797	0.391169190356728
rs603424	0.0844696292317076	0.0419034019911204	2.01581793405717	0.0438190175245321
rs174556	0.0129586972465773	0.0380403065738055	0.340657013934282	0.733361802898407
rs2657879	0.0770364044398743	0.0424881652619887	1.81312617207299	0.0698123633570941
rs17112944	0.0616182537296067	0.0581900633211203	1.05891367379286	0.289639096330159
rs17101394	0.0198049860910736	0.050344641171005	0.393388166653175	0.6940328082655
rs10873201	-0.0253784930345801	0.0344807481800865	-0.73601920996705	0.461719007215362
rs4072096	0.0178961717425982	0.0428446079985643	0.417699509427135	0.676166831031448
rs7705189	-0.0496852091589028	0.0345975815503009	-1.43608908289345	0.150976994171961
