SNP	beta	se	Z	P
rs7552404	-0.0375923648693724	0.0359948629350448	-1.04438138678873	0.296308971734179
rs483180	-0.0739404821055505	0.0371239511898187	-1.99171908527422	0.0464018884810177
rs2286963	0.0578276723494874	0.0341615983734338	1.69276834524399	0.0904995702332939
rs2943644	0.104629629716631	0.042703064951423	2.45016674647716	0.0142790072038028
rs8396	0.0196707987571429	0.0371740839022273	0.529153557862508	0.596698930712205
rs419291	-0.00325381355001527	0.0351501401416245	-0.092569006464988	0.926245967251085
rs9368564	0.0636827166468486	0.0399460073291845	1.59421982082105	0.110886808596675
rs816411	-0.0171142638953447	0.0341195504182667	-0.501596993088811	0.615951034974296
rs12356193	0.00737454697325153	0.0474714498614157	0.155346992661488	0.876547770466019
rs174547	-0.0480029123564649	0.036264996098412	-1.32367068856701	0.185612437237281
rs2066938	-0.0277733996329287	0.0377074186742429	-0.73655001083116	0.46139604412072
rs12879147	0.0124335323652287	0.0515264355571527	0.241303948755344	0.809319550642461
rs1077989	0.01870893943945	0.0346600179522365	0.539784470545629	0.589345677951615
rs4814176	-0.0160246677666235	0.0353331896049747	-0.453530177880326	0.650167017994467
rs5746636	0.0823276218722752	0.0393920661859864	2.08995439547578	0.0366218965321997
rs211718	-0.0369196079040206	0.035883487561624	-1.02887457192162	0.303538618708254
rs477992	0.0689035082602582	0.0370393654899699	1.86027777065773	0.0628462369010607
rs1374804	-0.0574451516060762	0.0359639250183851	-1.59729928189734	0.110199010816236
rs4862429	-0.0868655523303643	0.0365759172800226	-2.37493845103946	0.0175518766769369
rs270613	0.00503256393349872	0.0350842302265061	0.143442335801816	0.885940849523246
rs9393903	-0.0504806780733919	0.0392064032354325	-1.28756207934347	0.197898446682277
rs1894832	0.0394747507731472	0.0341978209850374	1.15430602407149	0.248374727638515
rs603424	0.0144035327509422	0.0420149076028463	0.342819574592291	0.731734198965146
rs174556	0.0642392668423564	0.0380109939115565	1.6900180771865	0.0910244962844385
rs2657879	-0.0264304461049631	0.0424248367586387	-0.622994644748545	0.533288041004098
rs17112944	-0.159124810726972	0.0589074700549544	-2.70126709869777	0.0069075840300816
rs17101394	0.00468677046088678	0.0503465472405355	0.0930902061365853	0.925831898020537
rs10873201	0.0199539621067721	0.0344826409411963	0.57866687591591	0.562813970588717
rs4072096	0.0990422551424872	0.0427823216942369	2.31502759131066	0.0206114221367173
rs7705189	0.00734095851623374	0.0346238515885976	0.212020274447205	0.832091217156014
