SNP	beta	se	Z	P
rs7552404	-0.0155573984560857	0.0360040654664823	-0.432101160091734	0.665667891575383
rs483180	0.0580536849079001	0.0371398699883886	1.56310953501049	0.118026833280078
rs2286963	0.00489596983866739	0.034251923820311	0.142939995556224	0.88633757099511
rs2943644	0.174157918547323	0.0425756795404486	4.09054935651388	4.30352612033784e-05
rs8396	0.0804391208857159	0.0371195675904807	2.16702742265631	0.0302327632016641
rs419291	0.0502229075428169	0.0351301734712888	1.42962310117435	0.152825221620155
rs9368564	0.0540815400223973	0.0399540323894439	1.35359403764927	0.17586593017586
rs816411	-0.0132315060239139	0.0341205941885821	-0.387786506611939	0.698174031847402
rs12356193	-0.020974998913991	0.0474692770454389	-0.441864722184692	0.658587100106728
rs174547	-0.00834988488578507	0.0362647516804648	-0.230247954249277	0.817899100584535
rs2066938	0.0233772454519218	0.0375819588958804	0.622033713481717	0.533919699918496
rs12879147	-0.0319467279928954	0.0515218360874395	-0.620061908094221	0.535217029416876
rs1077989	0.00157429896029082	0.0346629063310525	0.0454173964887789	0.963774614902225
rs4814176	-0.0420972214766473	0.0353212386019704	-1.19183876734999	0.23332447161648
rs5746636	0.0439297215745149	0.039532974116227	1.11121721946245	0.266474861062528
rs211718	-0.016969376454421	0.0358683164193827	-0.473102117646399	0.636140326045435
rs477992	-0.0517465181444916	0.0371076144033328	-1.39449864876908	0.163167077257187
rs1374804	0.0164356905998874	0.0359496016915653	0.457187001427713	0.647536640498501
rs4862429	-0.00555115292769169	0.0366335686752393	-0.151531863491195	0.879556177604497
rs270613	-0.0423351003889623	0.0350701819210497	-1.20715371492134	0.227372951693674
rs9393903	-0.0536612866848837	0.0393101118618529	-1.36507590905528	0.172229192956193
rs1894832	-0.00652875655693945	0.0342103226660189	-0.190841712329842	0.848649607513217
rs603424	0.0320324496387607	0.0420135395205562	0.762431587633506	0.445802459596892
rs174556	0.00150593635537734	0.0380414936755291	0.0395866778581846	0.968422648643337
rs2657879	0.0307950728870427	0.042595166699659	0.722971061580309	0.469697663322253
rs17112944	-0.104068222305936	0.0586264898370994	-1.7751058027711	0.0758804190420023
rs17101394	-0.0366888644101588	0.0503392827738288	-0.728831687471582	0.466104625722363
rs10873201	-0.00728134667234572	0.0344855238487206	-0.211142121670738	0.832776372709979
rs4072096	0.180324313033894	0.0426333157151668	4.22965725299532	2.34047627394945e-05
rs7705189	-0.0480157130577644	0.0345203620754687	-1.39093885958647	0.164243967738266
