SNP	beta	se	Z	P
rs7552404	-0.0357183211701089	0.0359958665563226	-0.992289520637615	0.32105631379616
rs483180	0.0299076496669147	0.0371584076703352	0.804868979646589	0.420895290770953
rs2286963	-0.00873678942207982	0.034239301325326	-0.25516844923519	0.798592998488431
rs2943644	0.0994500439592839	0.0427099265531791	2.32849953126134	0.0198855941083577
rs8396	-0.0374880282553876	0.037229142619288	-1.00695384362587	0.313956955330179
rs419291	0.0793218189782086	0.0350999267290218	2.25988560006374	0.0238283518571368
rs9368564	0.0291985426609086	0.0399684119660597	0.730540474955656	0.465059881860327
rs816411	-0.0158373856271096	0.0341198330230545	-0.464169493924791	0.642526315578028
rs12356193	0.0381900882433505	0.0474630668112507	0.804627488468526	0.421034674633651
rs174547	-0.0296659579493374	0.03627941959749	-0.817707622626628	0.41352415684177
rs2066938	0.0155718398123454	0.0376720414879284	0.413352693331876	0.679348228865051
rs12879147	-0.0573543218418821	0.0515092758116836	-1.11347560100763	0.265504221560338
rs1077989	0.00481252435507736	0.0346625982277038	0.138839111928747	0.88957728642853
rs4814176	-0.0334926863627242	0.0353262585286037	-0.948096055391915	0.34308055621792
rs5746636	0.0619929675175346	0.0394358980719617	1.57199329921208	0.115952105239448
rs211718	-0.0427888953605302	0.0358186873629301	-1.19459696908977	0.232244534012917
rs477992	-0.0291999936590069	0.0371889235559807	-0.785179856444404	0.432348124115966
rs1374804	0.0225187125528216	0.035953048468066	0.62633666719035	0.531094140705802
rs4862429	-0.00753805256310599	0.0366332208047407	-0.205770947722142	0.836969835906669
rs270613	-0.0751082649100506	0.035039248638954	-2.14354667487222	0.0320692274077954
rs9393903	-0.0284939115140285	0.0393357548821061	-0.724376883052787	0.468834387984121
rs1894832	0.00558951599356591	0.0342102770180904	0.163387042747715	0.870213704187639
rs603424	0.0237448501253146	0.0420309298860697	0.564937539799335	0.572116248852138
rs174556	0.0353152167224143	0.0380321611594686	0.928561923534605	0.353116162403678
rs2657879	0.0398864541612812	0.0425096907389932	0.938290857164346	0.348094957022331
rs17112944	0.0158571299578396	0.0584775427000514	0.271166147305051	0.786263248378429
rs17101394	-0.054063578943342	0.0503302935531306	-1.07417571261074	0.282743935663056
rs10873201	-0.0096224520789835	0.034485061979103	-0.279032471648578	0.780219905256006
rs4072096	0.10214621979214	0.042778148702365	2.38781300478514	0.0169489631437492
rs7705189	-0.0779972776507408	0.0345496804443364	-2.25753977019856	0.0239743673302331
