SNP	beta	se	Z	P
rs7552404	-0.0374270558646728	0.0359950796705051	-1.0397825538178	0.298440936278675
rs483180	0.0489362153240964	0.0371472765061127	1.31735674662566	0.187719072133518
rs2286963	0.0388981967816297	0.0342228568323714	1.13661454308618	0.2556994577538
rs2943644	0.0566205713889891	0.0427540148247622	1.32433343677927	0.185392330394414
rs8396	0.0310911527393434	0.0372002830084781	0.835777317399913	0.403280189311482
rs419291	0.123982816538654	0.0350274928182775	3.5395858099772	0.000400755460329761
rs9368564	0.0434652586400921	0.0399613452279745	1.08768256904587	0.276735265434205
rs816411	-0.029377356833802	0.0341149780522297	-0.86112782452404	0.389167646002545
rs12356193	-0.225385214548042	0.0471708980458186	-4.77805646882359	1.76997679042765e-06
rs174547	-0.0876628520835534	0.0362124557626987	-2.42079279731843	0.0154867018208175
rs2066938	0.0129674074144748	0.0375030409737861	0.345769491693721	0.729515954650537
rs12879147	-0.0374071515431315	0.0515198328480718	-0.726072843703559	0.467794115819969
rs1077989	0.00166028927897197	0.0346629431071506	0.0478981047235272	0.961797449870401
rs4814176	-0.0739471297642756	0.0352919225315638	-2.09529899364763	0.0361444218819475
rs5746636	-0.010469401265517	0.0394085629310366	-0.265663106869389	0.790498679050337
rs211718	-0.0361766672491273	0.0358712130815332	-1.00851530074826	0.31320714604929
rs477992	-0.0462796266350463	0.0369479798664926	-1.25256175851217	0.210365239375947
rs1374804	-0.0343920083010752	0.0357865024816671	-0.961032957012038	0.3365355971319
rs4862429	0.0333922696295502	0.036625309331629	0.911726623990948	0.36191264502618
rs270613	-0.109448185263283	0.0349886728343466	-3.12810336595113	0.00175938294880527
rs9393903	-0.0388789535996813	0.0393210432322434	-0.988756920055476	0.322782086373349
rs1894832	0.00701945199775241	0.0342103066886847	0.205185298735546	0.837427354998777
rs603424	0.0538272986906512	0.0420093649755192	1.28131664741942	0.200082467890716
rs174556	0.101729684449429	0.0379651886489702	2.67955166481671	0.00737208257155193
rs2657879	0.000842903867656427	0.0425735231965715	0.019798781128932	0.984203890211996
rs17112944	0.0162574808295099	0.0586321833330575	0.277279130766118	0.781565782798104
rs17101394	-0.0397580631261053	0.0503380323877025	-0.78982155718542	0.429631987625011
rs10873201	-0.0167196512131583	0.0344837205633984	-0.484856359464436	0.62777824071797
rs4072096	0.0612973731561415	0.0428221154828928	1.43144196555701	0.152303588374277
rs7705189	-0.0890304986348684	0.0346582046027062	-2.56881450310085	0.0102047065974635
