SNP	beta	se	Z	P
rs7552404	0.00289659632017324	0.0360058315743912	0.0804479772724765	0.935880970180164
rs483180	-0.0100541928889398	0.0371644902523549	-0.27053224248926	0.786750815418461
rs2286963	0.0319989120388581	0.0342064148581223	0.935465238657128	0.349548589600049
rs2943644	0.258211602266499	0.042335568923419	6.09916457562148	1.06624248428194e-09
rs8396	0.00755431605638668	0.0372569129287424	0.202762801921755	0.839320433718362
rs419291	0.0630561024153205	0.0351185147581282	1.79552304103994	0.0725704050932584
rs9368564	0.0313859762456158	0.0399675849744071	0.785285782608919	0.432286029725949
rs816411	0.0406571017795343	0.0341083945753491	1.19199693464664	0.233262447215087
rs12356193	-0.0756774373821353	0.0474379621593936	-1.59529275578609	0.110646784806962
rs174547	-0.0780940895002267	0.0362452056869082	-2.15460467171343	0.0311927831553186
rs2066938	-0.0453695494514222	0.0376596694488124	-1.20472511085338	0.228309438785962
rs12879147	0.00719350956376928	0.0515270323747894	0.139606517826337	0.88897089057883
rs1077989	0.0130365266864875	0.0346614998078556	0.37610971131529	0.706835334911081
rs4814176	-0.0396014225272966	0.0353228047719265	-1.12112904915101	0.26223293518441
rs5746636	0.020267218768608	0.0394087313446545	0.514282446480153	0.607054532424996
rs211718	0.00288554666353016	0.0358705869984499	0.0804432518390304	0.935884728350365
rs477992	0.00975169930089932	0.0372762519793364	0.261606217983102	0.7936250496763
rs1374804	0.0161566366084276	0.0361308855322494	0.447169682403898	0.654752549644527
rs4862429	-0.0475909644273871	0.036616408404578	-1.29971688925769	0.19369801960685
rs270613	-0.0559098649189017	0.0350594639324533	-1.59471533924818	0.110775906281177
rs9393903	-0.0365909303956485	0.0393330982649876	-0.930283451080688	0.352224343892959
rs1894832	-0.0128326331414027	0.0342092712240129	-0.375121500173758	0.707570107796245
rs603424	0.0190419275903422	0.0420043065191386	0.453332745338053	0.650309157011055
rs174556	0.0610990907284528	0.0380139248766747	1.60728182966298	0.107992558392991
rs2657879	0.0786728470951762	0.0426036959346327	1.84662023726498	0.0648021990793856
rs17112944	-0.0162456142570604	0.0582213585972254	-0.279031864739663	0.780220371010144
rs17101394	-0.00138244740452558	0.0503466951864159	-0.0274585531266129	0.978093997185511
rs10873201	0.00253482232751325	0.0344858513631635	0.0735032550253595	0.941405653947947
rs4072096	0.25307139878664	0.0424253630361325	5.96509683537902	2.44489003129742e-09
rs7705189	-0.0250824015027153	0.0346501599878354	-0.723875488930527	0.469142179217286
