SNP	beta	se	Z	P
rs7552404	-0.0514812019964839	0.0359853383161346	-1.43061603434756	0.152540289474884
rs483180	-0.0346515541291416	0.0371562836200907	-0.932589342988147	0.351032037849653
rs2286963	-0.000876907041238131	0.0342235791383908	-0.0256228910977475	0.979558127606874
rs2943644	0.0700441774902292	0.0427428546560994	1.63873419437684	0.101268629324957
rs8396	-0.0381780286922415	0.0371556232086959	-1.02751684389205	0.304177158158989
rs419291	0.0312202294934051	0.0351425596660984	0.888388034054414	0.3743320597364
rs9368564	0.0481278166391002	0.0399583423254708	1.20444978040097	0.228415781306781
rs816411	0.00412296779808868	0.0341219266742237	0.120830451265322	0.903825330186019
rs12356193	-0.11989797791659	0.0473869271724317	-2.53019102674255	0.0114000440969065
rs174547	-0.0395389563561656	0.0362556559842808	-1.09055967359433	0.275466682184419
rs2066938	-0.00701892706659494	0.0376673526906925	-0.186339802646372	0.852178296029846
rs12879147	0.00854617088344611	0.0515270436123249	0.165857970578423	0.868268723913726
rs1077989	0.0131723539824625	0.0346615565156859	0.380027768703965	0.703924802336028
rs4814176	0.00662482788013326	0.0353349918867108	0.187486328039169	0.851279342270357
rs5746636	0.00728523594627637	0.0394784470247611	0.184537044775521	0.853592168616454
rs211718	-0.0520450451201009	0.0358226768954287	-1.452851925947	0.146264871110336
rs477992	0.0433816150123841	0.0371847577276044	1.16665046818846	0.243351553353211
rs1374804	-0.074667020175453	0.036052488543012	-2.0710642508456	0.0383527921125924
rs4862429	-0.0812898132959105	0.0365832219462076	-2.22205177596003	0.0262798067478426
rs270613	-0.0277940831106018	0.0350783693375019	-0.792342507235292	0.428160992699657
rs9393903	-0.0419699875060109	0.0392693963266647	-1.0687708860325	0.285172921154945
rs1894832	-0.00206831201883401	0.0342106704358017	-0.0604580966255928	0.95179078881673
rs603424	-0.023162299933912	0.0419988512537903	-0.551498415848259	0.581292052326973
rs174556	0.025098059923006	0.0380369038420403	0.659834460429093	0.509360066458401
rs2657879	-0.0425034093719062	0.0426387260304279	-0.996826437581059	0.318848763262228
rs17112944	-0.063959458329085	0.0585949088771594	-1.09155316655875	0.27502955089665
rs17101394	0.00829051639957203	0.0503464471903828	0.164669343364425	0.869204247979526
rs10873201	-5.75834402029421e-05	0.0344859886533161	-0.00166976335757174	0.998667722215889
rs4072096	0.0717106529089196	0.0428130379756233	1.6749723051597	0.0939396656069109
rs7705189	0.0116902206751972	0.0346240633523464	0.337632835182672	0.735639894869313
