SNP	beta	se	Z	P
rs7552404	-0.477936758218124	0.0341806613617317	-13.9826656120006	1.98896548707444e-44
rs483180	0.0556851023344791	0.0371419191304663	1.49925215600403	0.133808229125948
rs2286963	0.0261864572654531	0.0342530826491172	0.764499287077392	0.444569761372068
rs2943644	0.0792275365265233	0.0427338356124923	1.85397672338504	0.0637424901573132
rs8396	0.107200126202576	0.0370761374567861	2.89135097547641	0.00383589467523752
rs419291	0.107948388527036	0.0350572277671346	3.07920492869762	0.00207553858906969
rs9368564	0.0999286667777655	0.0399044591835065	2.50419799747765	0.0122729331244629
rs816411	-0.0173356045669458	0.0341195769764477	-0.508083807103247	0.611394570767746
rs12356193	-0.150438114472848	0.0473380167999477	-3.17795557656344	0.00148317473778994
rs174547	-0.107458117899828	0.0361747692674501	-2.97052669791369	0.00297289563790859
rs2066938	0.0340280414702577	0.0374723649809908	0.90808363676858	0.363834035039993
rs12879147	0.0780774931705497	0.0514942243349003	1.51623787286825	0.129459214720326
rs1077989	0.025884321266966	0.0346575196729524	0.746860176701184	0.455147966611511
rs4814176	-0.0470063428836944	0.0353177799553544	-1.33095406741635	0.183204125112722
rs5746636	0.0374268878191431	0.0394509803204405	0.948693480241638	0.342776530945953
rs211718	-0.475193254827593	0.0340600333317801	-13.9516379857505	3.07462048312232e-44
rs477992	-0.0556792398101018	0.0370054247240835	-1.50462372004246	0.132420844385489
rs1374804	-0.0298391187288471	0.0359051079152916	-0.831054979677108	0.405942570969846
rs4862429	0.00565137141609867	0.036633574939348	0.154267538056422	0.877398791761663
rs270613	-0.0979916552223207	0.0350076897591875	-2.79914658454728	0.00512378715137327
rs9393903	-0.0930640225772155	0.0392010733966263	-2.37401720191735	0.0175957307160985
rs1894832	0.00208400256097056	0.0342106503389457	0.0609167770949421	0.951425488069781
rs603424	0.0244091619773921	0.0420137906539411	0.580979759204432	0.561254095287946
rs174556	0.0951123318138039	0.0379747813125191	2.50461828946592	0.0122583607395766
rs2657879	0.0326085938523351	0.0426326873925735	0.764873055082506	0.444347140216552
rs17112944	-0.0321209302895449	0.0583324773899505	-0.550652599148459	0.581871844193513
rs17101394	0.0760423724441925	0.0503145833467809	1.51133860972452	0.130702201695945
rs10873201	0.0101738820626909	0.0344851272647357	0.295022314535422	0.767976833441788
rs4072096	0.0775261341647061	0.0428073284188255	1.81104817862477	0.0701333941708166
rs7705189	-0.0745360392589001	0.0345163188728145	-2.15944346596026	0.0308157788375876
