SNP	beta	se	Z	P
rs7552404	-0.192271554341016	0.0357166977359194	-5.38323995579392	7.31569084241803e-08
rs483180	-0.0406280114555163	0.0371526768707837	-1.09354196998563	0.274155912087286
rs2286963	-0.0457913692687203	0.034186730882095	-1.33944861316655	0.180424672594858
rs2943644	0.319518793802404	0.0421001638656996	7.58949050226206	3.21165812917903e-14
rs8396	0.0355651829683653	0.0371305454445361	0.957841651464317	0.338142612643012
rs419291	0.0300871591892972	0.0351429143778063	0.856137281781561	0.391921849017268
rs9368564	0.0851797705935175	0.039923436162628	2.13357813807754	0.0328773291355073
rs816411	0.0315055403012025	0.0341137141347512	0.923544712157513	0.35572341077412
rs12356193	-0.0128642174319514	0.0474706753008993	-0.270992930907551	0.78639646922523
rs174547	-0.13225754752918	0.036156167077149	-3.65795265983178	0.000254237989576234
rs2066938	-0.031483397613305	0.037801257912392	-0.832866400538065	0.404920080944524
rs12879147	0.0720160819223684	0.0514989153416275	1.39839997492445	0.161992990702771
rs1077989	0.0424273396981485	0.0346481975390242	1.22451794643467	0.220756900455275
rs4814176	-0.0589170011878838	0.0353075806464299	-1.66867851348634	0.0951811095957118
rs5746636	0.058490178353902	0.0396037461820217	1.47688499176509	0.139706468651285
rs211718	-0.187843456344194	0.035581367689093	-5.27926464169545	1.29703361661254e-07
rs477992	0.0401876772212992	0.0372693407960602	1.07830394535842	0.280898136961714
rs1374804	-0.0180179326365925	0.0360409091534066	-0.499930025624492	0.617124349416629
rs4862429	-0.0608518267603914	0.0366052757990381	-1.66237858975483	0.0964368890138076
rs270613	-0.0242996705630834	0.0350796253532522	-0.692700401397832	0.488497587148132
rs9393903	-0.0801691548324823	0.0391870257781169	-2.04580861243241	0.0407752043580988
rs1894832	-0.0105919229763449	0.0342095916477159	-0.309618515339751	0.756851074546831
rs603424	0.0102825863270944	0.042035512213851	0.244616653528162	0.806753268098636
rs174556	0.122893121704605	0.0379298367054254	3.24001188454962	0.00119524717749448
rs2657879	0.0585315053431259	0.0425914263201333	1.37425558146799	0.169362350842314
rs17112944	-0.0160984015351294	0.0586523641054784	-0.27447148602874	0.783722313364626
rs17101394	0.0716576322503149	0.0503179355492378	1.42409722235515	0.154418330379383
rs10873201	0.0417363628792999	0.034471625277347	1.21074543319334	0.225992984019424
rs4072096	0.315413315023741	0.0421903162996726	7.47596469254696	7.66395331793402e-14
rs7705189	0.0118688090019736	0.0345771963471165	0.343255389558597	0.731406338191597
