SNP	beta	se	Z	P
rs7552404	-0.0393616702384382	0.0359938189007364	-1.09356749132371	0.274144713444818
rs483180	-0.0441816000486577	0.0371505118830309	-1.18925952320023	0.234337558023933
rs2286963	0.00624428707427238	0.0341917756181617	0.182625410976188	0.855091944574048
rs2943644	0.210458474025683	0.0424835450451325	4.95388211605464	7.27472887451501e-07
rs8396	-0.0116920325817382	0.0372647734678369	-0.313755632831889	0.753706643788575
rs419291	0.0330666438217722	0.0351415167556926	0.940956648276022	0.346727075675975
rs9368564	-0.00410006016538598	0.0399743678944834	-0.102567229485868	0.918306452711371
rs816411	0.024432357503909	0.0341170672770662	0.716132993070383	0.473909233146039
rs12356193	-0.0687313005486177	0.0474438793129986	-1.44868635414868	0.147425192990962
rs174547	-0.0190409364005381	0.0362872506961719	-0.524727997719231	0.599772291317909
rs2066938	-0.0688129633964444	0.0376614747622553	-1.82714468381385	0.0676780183293616
rs12879147	0.0882636567119993	0.0514848854043971	1.71436055492242	0.0864625281525797
rs1077989	0.00686370820402096	0.0346624847729644	0.198015469721156	0.843032960289921
rs4814176	-0.0545675336556262	0.0353116052541498	-1.54531444444071	0.122270223282191
rs5746636	0.0538631889734952	0.0394757455656822	1.36446286705021	0.172421933389188
rs211718	-0.0374275635235416	0.0358469266875354	-1.04409406836419	0.296441869948018
rs477992	0.0418310643518865	0.0372512515413593	1.12294386419319	0.261461336470526
rs1374804	0.0253591054865982	0.0361372703831983	0.701743801280264	0.482838951770269
rs4862429	-0.0897439793156378	0.0365720365568144	-2.45389613936924	0.0141317790883932
rs270613	-0.0282130136075331	0.0350780862436843	-0.804291699710749	0.421228530183167
rs9393903	0.000641719306099419	0.0393128871110695	0.0163233828206611	0.98697640323225
rs1894832	-0.00216651023143536	0.0342105739000733	-0.0633286725257395	0.949504784207824
rs603424	0.024880325910915	0.0419903522170746	0.592524820518125	0.553499205114523
rs174556	0.0208931892561062	0.0380382259948799	0.549268235035949	0.582821383142676
rs2657879	0.0340096303739842	0.0425853122338852	0.798623482838355	0.424508766989806
rs17112944	-0.102185593093731	0.0586108935766287	-1.743457348251	0.081253758364314
rs17101394	0.083607102922419	0.0503077434554436	1.66191320023065	0.0965301795731282
rs10873201	0.000140267871360858	0.0344858946440573	0.00406739836123199	0.996754694593183
rs4072096	0.20826940460341	0.042561752131834	4.89334658870012	9.91355963526169e-07
rs7705189	-0.0134309226617748	0.0344322106725696	-0.390068554978798	0.696485854258658
