SNP	beta	se	Z	P
rs7552404	-0.05673641303914	0.0359809125702255	-1.57684752793318	0.11483061260626
rs483180	-0.0287467844880444	0.0371591153682034	-0.773613262942279	0.439159526529033
rs2286963	-0.00755074838840889	0.0342542016272046	-0.220432765316945	0.825534129875915
rs2943644	0.174139124397716	0.0425757722193471	4.090099023937	4.31189055999194e-05
rs8396	0.0120001858518301	0.0372235102503418	0.322381897116215	0.74716339678001
rs419291	-0.0458869044824057	0.0351335404348643	-1.30607117627321	0.191528353915882
rs9368564	0.0516490042887673	0.0399558836418794	1.29265078334125	0.196131867090682
rs816411	-0.00396930851240487	0.0341219428952262	-0.116327154189107	0.907393265767796
rs12356193	-0.0810276500506973	0.0474331312784149	-1.70825007472298	0.0875899506706453
rs174547	0.0191118185155103	0.0362879271229079	0.526671541495831	0.598421701491809
rs2066938	-0.0276261430985863	0.0376968526727845	-0.732850122485987	0.463649846943743
rs12879147	0.0576720786715993	0.0515093456233136	1.1196430079573	0.262865920478917
rs1077989	0.0120763269365113	0.0346617865000146	0.348404631033838	0.727536325083415
rs4814176	-0.00791759587876783	0.0353348489009581	-0.22407329095875	0.822700274816593
rs5746636	0.0308266249795135	0.0396173202381227	0.778109796276678	0.436504288018278
rs211718	-0.0492818057794923	0.0358884845373015	-1.37319272225803	0.169692441583525
rs477992	0.0255209582527971	0.0370951702780524	0.687986011696427	0.491461590271673
rs1374804	0.0766643815275213	0.0359257977437019	2.13396462548869	0.0328456766141013
rs4862429	-0.0373772905841553	0.0366231509658627	-1.02059188241327	0.307447837015418
rs270613	0.0490839426551517	0.0350652886566497	1.39978721224197	0.161577048302696
rs9393903	-0.0520653111445785	0.0392963314000455	-1.32494075883425	0.185190800816915
rs1894832	0.0111048591993746	0.0342097006639365	0.324611410911328	0.7454751898932
rs603424	0.0400471103851176	0.0419527868933697	0.954575687353124	0.339792317018405
rs174556	-0.0509987314026152	0.0380223769150468	-1.34128204337571	0.179828897597352
rs2657879	-0.235676401574353	0.0422563504370287	-5.57730137924625	2.44278447489806e-08
rs17112944	-0.0648312430133278	0.0582364913740657	-1.11324088185366	0.265604988978513
rs17101394	0.041095210581491	0.0503374314842609	0.816394666349639	0.414274446175757
rs10873201	0.00481066203160693	0.0344858065603545	0.139496868753459	0.889057530121906
rs4072096	0.170134825893685	0.0426568475991456	3.98845286206974	6.65056142240055e-05
rs7705189	0.00994031525784965	0.0345403776965914	0.287788261760397	0.773508823186417
