SNP	beta	se	Z	P
rs7552404	-0.00258502478292483	0.0360059375190327	-0.0717944028414311	0.942765527212825
rs483180	-0.0436935456208258	0.0371509407736662	-1.17610872594099	0.239551431433301
rs2286963	-0.00189680194975299	0.0341767428565858	-0.0554997870251255	0.955740299619626
rs2943644	0.0341507126621059	0.0427673889061467	0.798522274461268	0.424567472339385
rs8396	0.032481217930907	0.0370973881798622	0.875566165828865	0.381265925526403
rs419291	-0.0290371272354526	0.0351436130948595	-0.826241944932519	0.408666858717849
rs9368564	0.00110718772856635	0.039974590285874	0.0276972877182335	0.977903586962406
rs816411	-0.0410727455939295	0.034108203112681	-1.20418966247621	0.228516280604326
rs12356193	-0.0596756868667494	0.0474508861219218	-1.25763061017273	0.208525377792784
rs174547	0.0583699225169116	0.0362599069843005	1.60976481661092	0.107449208792898
rs2066938	-0.0295566011083326	0.0375950502512558	-0.786183311654049	0.431760101512372
rs12879147	-0.00516386215388199	0.0515273014532447	-0.100216040977182	0.920172811267484
rs1077989	-0.0651244963759725	0.0346286352854891	-1.88065443061981	0.0600189423007045
rs4814176	-0.00672455367232475	0.0353349850745884	-0.19030866032998	0.849067267705691
rs5746636	0.00409996560238804	0.039611247792776	0.103505085824026	0.917562113272474
rs211718	0.00382605721970919	0.0358804917463318	0.106633355160199	0.915079855849255
rs477992	0.0390710743497466	0.0370737049470548	1.05387563518522	0.291939859263716
rs1374804	0.201631888192262	0.0356921988433236	5.64918650928053	1.61208878367112e-08
rs4862429	-0.0195014648576947	0.0366309329538579	-0.532376963542253	0.59446493692295
rs270613	0.0279579858977127	0.0350783000135319	0.797016556872126	0.425441415604673
rs9393903	-0.00915427199600633	0.039357574677776	-0.232592380779384	0.816077944327246
rs1894832	0.0418270551985622	0.0341963654018861	1.22314329920733	0.221275576971021
rs603424	0.0648180182788011	0.04198108859214	1.54398136047708	0.122592848226481
rs174556	-0.0550463197738446	0.0380192084573732	-1.44785549219317	0.147657469383103
rs2657879	-0.0442520748243017	0.0426425671386901	-1.0377441555143	0.299389181973701
rs17112944	-0.0600553548775376	0.0584379431257782	-1.02767742437954	0.304101590680729
rs17101394	0.00406094338296457	0.0503467435181639	0.0806595044523481	0.935712742602246
rs10873201	-0.0634159595981561	0.0344532749170714	-1.84063662310179	0.0656748270996184
rs4072096	0.0359563822988158	0.0428382497769965	0.839352272466646	0.40127165812314
rs7705189	0.029350772807374	0.0344465025995676	0.852068296992869	0.394176186665557
