SNP	beta	se	Z	P
rs7552404	-0.00669482187595044	0.0360056439147153	-0.185938123806593	0.852493285007724
rs483180	-0.0319194027432585	0.0371576637858449	-0.859026092900331	0.390326120440264
rs2286963	0.0560739494523034	0.0342145688086275	1.6388910164539	0.101235959000176
rs2943644	-0.00648841087368139	0.0427747635529782	-0.151687825594763	0.879433159821052
rs8396	-0.0375267551236891	0.0372568206119407	-1.00724523744417	0.313816938926499
rs419291	0.00862079153688347	0.0351497507927125	0.24525896606558	0.80625592189544
rs9368564	-0.0188734307896753	0.0399721037889145	-0.472165060146509	0.636808976885424
rs816411	-0.0313963464697512	0.03411397123713	-0.920336898085296	0.357396732803637
rs12356193	-0.11065511866597	0.0473995457230446	-2.33451854818456	0.0195685859957088
rs174547	-0.0011782507619524	0.0362696992937206	-0.0324858155677181	0.974084627597521
rs2066938	0.00271586796172387	0.0375693030729294	0.0722895486363386	0.942371481916324
rs12879147	0.00909533654140466	0.0515270012690913	0.176515929850172	0.859888634958772
rs1077989	0.012047653873524	0.0346617929835835	0.347577341980838	0.728157624993814
rs4814176	-0.00559910668168014	0.0353350985135326	-0.15845736724169	0.874096412188616
rs5746636	0.00954745387779255	0.0395299598768289	0.241524502112863	0.809148628545196
rs211718	-0.00432241930079334	0.0358956894021018	-0.120416110479835	0.904153529943898
rs477992	0.0365369408730312	0.0371378875672888	0.983818500899687	0.32520476104677
rs1374804	-0.0184224176474771	0.0359686502825148	-0.512179842801404	0.608525149117508
rs4862429	0.0597233941596926	0.0366065336425041	1.63149547954869	0.102785812918278
rs270613	0.00538771528914006	0.0350843195180602	0.1535647652042	0.877952920624411
rs9393903	0.015645309412316	0.0393392345333963	0.397702436203587	0.690849541420755
rs1894832	0.0207110135247109	0.0342071961304885	0.605457794485863	0.544874859778562
rs603424	0.0998723890753159	0.0419064994508668	2.38321955744386	0.017161955202758
rs174556	-0.00934868401319056	0.0380409109750009	-0.245753421082218	0.805873115957315
rs2657879	0.0697715816519476	0.0426020700385223	1.63775097287192	0.101473652652214
rs17112944	-0.00154592726327477	0.0585484018333957	-0.0264042606606723	0.978934895820248
rs17101394	-0.00333616438348538	0.0503467781768147	-0.0662637114885284	0.947167873737656
rs10873201	0.00885662197628489	0.0344853577825414	0.256822679124664	0.797315661729439
rs4072096	-0.00867785170743837	0.0428462234425102	-0.202534809610048	0.839498648111945
rs7705189	0.00882612198760774	0.0345340593531885	0.255577309847672	0.798277240745202
