SNP	beta	se	Z	P
rs7552404	-0.0350353870191246	0.035996423301466	-0.973301895182951	0.330403280819694
rs483180	-0.00905144554365712	0.0371647252826094	-0.243549373090418	0.807579842050376
rs2286963	-0.0224228453672388	0.034228674951629	-0.655089494376458	0.512410135620847
rs2943644	-0.0355774134725625	0.0427667306676534	-0.831894627369108	0.405468424703248
rs8396	0.021663555791406	0.037112701953853	0.583723486862883	0.559406362830297
rs419291	0.011426979796977	0.0351492937376098	0.325098418257837	0.745106586043625
rs9368564	0.0327059710854885	0.0399670887074713	0.818322578481292	0.413173016922662
rs816411	-0.00335346287040476	0.0341219728469584	-0.0982786923090729	0.921710997336664
rs12356193	-0.0293923062514362	0.047466817301818	-0.619217969988278	0.535772775197037
rs174547	0.0236141586733097	0.036255139608806	0.651332719391159	0.514831731574567
rs2066938	-0.0112700341861661	0.0377436229747979	-0.298594392851247	0.765249544236399
rs12879147	-0.00328056902704685	0.051527380856449	-0.063666520062144	0.949235763760722
rs1077989	-0.00949918158580071	0.0346622291236559	-0.274049933485605	0.78404624859813
rs4814176	0.0396129101106122	0.0353228835937818	1.12145176385276	0.26209561281581
rs5746636	0.0495696430310789	0.0395512592779089	1.2533012585712	0.210096090588532
rs211718	-0.0320689942731942	0.0358857677428424	-0.893641025127307	0.371513988740244
rs477992	0.0119428001565903	0.0370509678638934	0.322334363854196	0.747199402614127
rs1374804	0.0128762774547826	0.035827349741341	0.359397989182681	0.719297378782799
rs4862429	0.00579066439850432	0.0366335824972572	0.158069836575167	0.874401768687394
rs270613	-0.00502484359937457	0.0350843415093929	-0.14322183011556	0.886114989612324
rs9393903	-0.0291786628022307	0.0393494274584013	-0.741526997643797	0.458373968539694
rs1894832	-0.000551113264655364	0.0342107019008077	-0.0161093819779931	0.987147128750877
rs603424	0.0272514886381758	0.0420308225560796	0.64836914866026	0.516746219503874
rs174556	-0.0504089338960388	0.0380228100976114	-1.32575508666061	0.184920834248645
rs2657879	0.0725513014056196	0.0424591770982701	1.70873074712924	0.0875008359180959
rs17112944	0.0419655825514956	0.0585859213538494	0.716308314040678	0.473800994221881
rs17101394	0.00418063098729917	0.0503467310404661	0.0830367910865752	0.933822285559371
rs10873201	-0.0199671628146575	0.0344827454394551	-0.579047942969502	0.562556824066853
rs4072096	-0.0355090399869504	0.0428384531098697	-0.828905747270536	0.407157742985923
rs7705189	-0.0337153653150672	0.0345373757859111	-0.97619939407269	0.32896566345787
