SNP	beta	se	Z	P
rs7552404	0.0188015450311881	0.0360032366122222	0.522218189261504	0.60151842296806
rs483180	-0.0386773114645368	0.0371540598552608	-1.04099825470514	0.297876358246022
rs2286963	0.0159907891625353	0.0342459946224748	0.466938961441083	0.640543549067725
rs2943644	0.094477974642993	0.0427164777692551	2.21174543353836	0.0269842593249233
rs8396	0.0767194487448197	0.0372273179485313	2.06083738965263	0.0393185560968572
rs419291	-0.0532301664351666	0.0351277283682565	-1.51533187336044	0.129688380475569
rs9368564	0.0788506120824235	0.0399309595263128	1.97467361209951	0.0483051993675805
rs816411	0.0136790917860736	0.0341205324684232	0.400904991700611	0.688490074661411
rs12356193	-0.0659599390552202	0.0474462203457782	-1.39020428970986	0.164466851222404
rs174547	0.0473946871410528	0.0362406205461725	1.30777802440412	0.19094860997302
rs2066938	-0.00678888007772572	0.0377367235060949	-0.179901153226226	0.857230169829853
rs12879147	0.0395727279752016	0.0515189237162476	0.768120238558506	0.442415754159997
rs1077989	-0.0101874223357183	0.0346621246152854	-0.293906459825773	0.768829381779172
rs4814176	0.0394539561260586	0.03532298857861	1.11694841556952	0.264016381809588
rs5746636	-0.0511671318190855	0.0396991055180273	-1.28887366985764	0.197442009144978
rs211718	0.0210773901454492	0.0359094172844333	0.586959960349628	0.557230598104602
rs477992	0.0398659905922635	0.0372189521710067	1.07112071315427	0.284115155898631
rs1374804	0.0773886786108738	0.0358649465908688	2.15778039470375	0.0309449098724133
rs4862429	-0.0258346282938259	0.0366287351651378	-0.705310412094563	0.480617082227482
rs270613	0.0469933519601355	0.0350668927934798	1.34010595797279	0.180210899366143
rs9393903	-0.0862514537427495	0.0392635595092718	-2.19673037342378	0.0280397082858441
rs1894832	-0.00562277444615731	0.0342104502763741	-0.164358387590134	0.869449019923148
rs603424	0.0267076254256165	0.0419505993503399	0.636644668710796	0.524356322298939
rs174556	-0.0818334545182896	0.0379921545251676	-2.15395666660809	0.0312435703721241
rs2657879	0.0515196545465468	0.0425073952249634	1.21201626855486	0.225506153222039
rs17112944	-0.0712302613364362	0.0583369685583096	-1.2210141030081	0.222080680100965
rs17101394	0.0229859476933379	0.0503438928502215	0.456578671055963	0.6479739126533
rs10873201	0.000286479819475792	0.0344859919738581	0.00830713582758346	0.993371940810843
rs4072096	0.0879949238470749	0.0427960049486947	2.05614809028474	0.0397682440456385
rs7705189	0.0179758962272053	0.0344714903050466	0.521471397613861	0.602038425595138
