SNP	beta	se	Z	P
rs7552404	-0.0549200235469365	0.0359824909270606	-1.52629854498578	0.126935530864505
rs483180	-0.0383348448140109	0.037154258843029	-1.03177525289819	0.302177414867402
rs2286963	-0.0143263120550409	0.0342163241803264	-0.418698162302256	0.675436738905708
rs2943644	-0.105033854902593	0.0427026497706972	-2.45965661303453	0.0139070005795018
rs8396	-0.0438668086349762	0.0371340603321523	-1.18130924123572	0.237479897490666
rs419291	0.006221447579181	0.0351500317870612	0.176996926115757	0.859510804064141
rs9368564	-0.0470715520927467	0.0399590525288218	-1.17799469991924	0.238798719193727
rs816411	-0.0039311715898587	0.0341219432204067	-0.115209487468687	0.908279078840841
rs12356193	-0.041836126702343	0.0474615874798376	-0.881473396146211	0.378061647209438
rs174547	-0.00135937539245589	0.0362415483442138	-0.0375087559600065	0.9700793588145
rs2066938	-0.00438253388919873	0.0377556434164702	-0.116076260199209	0.907592103231424
rs12879147	0.0445654229583187	0.051516637016666	0.865068559189946	0.387001160203733
rs1077989	-0.0269201963733416	0.0346571008193874	-0.776758463255018	0.437301287088263
rs4814176	0.0685972249819497	0.0352979802886546	1.94337535521822	0.051970822729009
rs5746636	0.0253771609447052	0.0395581671042256	0.641515085313303	0.521188083035569
rs211718	-0.0534320217555544	0.035885621742334	-1.48895349059874	0.136499616423331
rs477992	0.0345695103443121	0.0371987809609051	0.929318366121828	0.352724119851464
rs1374804	-0.0358215032315154	0.0359841354611083	-0.995480446382583	0.319502649755006
rs4862429	0.0367295800476903	0.0366235161921477	1.00289605877781	0.315911014424965
rs270613	-0.0073481268867664	0.0350841168443813	-0.209443119784365	0.834102334389719
rs9393903	0.045459137065161	0.0393320585950665	1.15577822999743	0.247771879871954
rs1894832	-0.00065293889837339	0.0342107058682249	-0.0190858060891355	0.984772654469049
rs603424	0.0351668825521576	0.0420172318616404	0.836963336089334	0.40261317713202
rs174556	-0.022705369987618	0.0380377513814008	-0.596916725175299	0.550562980167157
rs2657879	0.112270698098625	0.042330068719715	2.65226826920637	0.0079952988719402
rs17112944	0.0661859506698617	0.0584515260946225	1.13232202975708	0.257499071650849
rs17101394	0.04333264774627	0.0503363759390631	0.860861493062755	0.389314332020987
rs10873201	-0.03851665666132	0.034473926967964	-1.11726919585091	0.263879242260535
rs4072096	-0.110677180638236	0.042766466359077	-2.58794307925665	0.00965509338095965
rs7705189	-0.018884648383734	0.0344438240027538	-0.548273861294384	0.583503872491247
