SNP	beta	se	Z	P
rs7552404	-0.0407818159851561	0.0359930348401594	-1.13304744004675	0.257194331724977
rs483180	0.0597420501959007	0.0371384094243317	1.6086324406979	0.107696736345961
rs2286963	0.011148595115159	0.0342506076881868	0.325500651452798	0.74480218965712
rs2943644	0.109958914278548	0.0426956964481855	2.5754097819201	0.0100121389071054
rs8396	0.0256380258406127	0.0370506204490287	0.691972915160313	0.488954338288997
rs419291	-0.0136110806107103	0.0351488631075108	-0.387240991808974	0.698577805770613
rs9368564	0.0173568977643158	0.0399724863389069	0.434221119425878	0.664127878179174
rs816411	0.0355743868040423	0.0341116685857212	1.0428802893252	0.297003739579728
rs12356193	-0.033396873364305	0.0474653394398444	-0.703605488940637	0.481678492132108
rs174547	-0.0715947040981453	0.0362421530026443	-1.97545394427648	0.0482166562219972
rs2066938	0.074082097268349	0.0375728263425514	1.97169349446706	0.0486446067497771
rs12879147	0.0310457183263297	0.0515222020021979	0.602569710141763	0.546794975672684
rs1077989	-0.045101410518021	0.0346465044732148	-1.30175933196634	0.192998670029314
rs4814176	0.00149520782550261	0.0353353269943481	0.0423148150218552	0.966247735184737
rs5746636	-0.0115614007269862	0.0395718083666538	-0.292162557239328	0.770162338252445
rs211718	-0.0350004787243677	0.0358996269219493	-0.974953828920384	0.329583163060681
rs477992	-0.0658260176038491	0.0370467518291064	-1.77683641220421	0.075595159018416
rs1374804	-0.01848693242944	0.0359034437785989	-0.514906941613762	0.606618049907504
rs4862429	0.00383006578932612	0.0366337327881366	0.104550246393849	0.916732695867506
rs270613	0.00462106803134295	0.0350843782920249	0.131712980429052	0.895211318074249
rs9393903	-0.0177127379531542	0.0393739481802807	-0.449859330135074	0.652811874344146
rs1894832	-0.0373819541850385	0.0341992533662235	-1.09306345915605	0.274365938244128
rs603424	0.0917588036645847	0.0419565071237746	2.18699815487237	0.0287426586933292
rs174556	0.0467204682302346	0.0380254583684762	1.2286628546986	0.219198238612996
rs2657879	-0.0468711621155017	0.0426508044208924	-1.09895142077419	0.271789255930295
rs17112944	-0.110300330900828	0.0585841778025219	-1.88276655981473	0.0597320107349358
rs17101394	0.000215127006348136	0.0503468362421101	0.00427290019403848	0.996590729279555
rs10873201	-0.0629782481015625	0.0344537259882949	-1.82790819555941	0.0675633308602774
rs4072096	0.110167978723998	0.0427672044118858	2.5759920537004	0.00999529433569953
rs7705189	-0.00371920780799637	0.0346650602483152	-0.107289812316917	0.914559066483889
