SNP	beta	se	Z	P
rs7552404	0.0859226787105575	0.0359484390582892	2.39016438436275	0.0168408331953683
rs483180	0.0779163556481215	0.0371195069407263	2.09906763504539	0.0358109389868831
rs2286963	0.0200725601347024	0.03424773365511	0.586098932467825	0.557809033646896
rs2943644	0.0259612721929799	0.0427706100236469	0.606988588159638	0.543858485517325
rs8396	0.0296477417944484	0.0371297041541379	0.798491193772261	0.424585501470396
rs419291	-0.0481575999228028	0.0351318279914578	-1.37076840790955	0.170447162133644
rs9368564	0.0335855697593969	0.0399666788903679	0.840339269908441	0.400718189189622
rs816411	0.0233328015858144	0.0341175901700839	0.683893600617603	0.494042355283567
rs12356193	-0.0162616689611841	0.0474703579000917	-0.342564701016352	0.73192596140929
rs174547	0.240382728831947	0.0357987110758171	6.71484312166567	1.88268660286523e-11
rs2066938	-0.0312779740723091	0.0373592580642612	-0.837221499915985	0.402468074520353
rs12879147	-0.0644489802842305	0.0515048281797358	-1.25131919786867	0.210818044013064
rs1077989	-0.0258802142228309	0.0346575394952219	-0.746741245909822	0.45521976734808
rs4814176	-0.0184095678179364	0.0353326486794794	-0.521035600385893	0.602341971575132
rs5746636	0.0130536187029858	0.039642443874612	0.329283904500793	0.741941108737639
rs211718	0.0848178164424309	0.0357989176443683	2.36928438130514	0.0178225437077652
rs477992	-0.0684460396285664	0.0368517709641547	-1.85733379530507	0.0632636791347545
rs1374804	0.0406745238378971	0.0355713958037008	1.1434615628343	0.252847004724841
rs4862429	-0.0195110950323627	0.0366309243661039	-0.532639985749776	0.594282817166099
rs270613	0.0476842477514511	0.0350663639180615	1.35982869118889	0.17388414081084
rs9393903	-0.034262887958756	0.0393390750455058	-0.87096323233635	0.383774229047065
rs1894832	-0.0243814596193623	0.0342058306836463	-0.712786654557669	0.47597778498106
rs603424	-0.0332707604143045	0.0419672811273001	-0.7927785532111	0.427906853986113
rs174556	-0.242348714384987	0.0376060993052486	-6.44439914966566	1.16059276399526e-10
rs2657879	-0.0373784951452647	0.0423949464679741	-0.881673365798469	0.377953468080949
rs17112944	0.0510497849504184	0.0587898034761457	0.868344201407853	0.38520593135127
rs17101394	-0.0615826298071437	0.0503256997300308	-1.22368154119068	0.221072385666793
rs10873201	-0.0179240722434022	0.0344833744096057	-0.519788812733167	0.603210777537946
rs4072096	0.032139764147986	0.0428399443909667	0.750228895132809	0.453116858802325
rs7705189	0.0593350855634149	0.0345748786962666	1.716132862957	0.0861377276304792
