SNP	beta	se	Z	P
rs7552404	0.0550494369618074	0.0359823751861783	1.52990003236232	0.126041475367759
rs483180	0.0422971612002137	0.037151842396456	1.1384943106953	0.254914133189855
rs2286963	0.0100449185667598	0.0342511779003342	0.293272207921988	0.769314095031444
rs2943644	-0.060329319002909	0.0427511625582354	-1.41117376447316	0.158193383967244
rs8396	-0.0560878900708332	0.0371560926512176	-1.50952067531232	0.131165775761512
rs419291	0.00428366322381755	0.0351501894807287	0.121867429083593	0.903004011141876
rs9368564	0.0129200070797714	0.0399734227677116	0.323214930951759	0.746532474002678
rs816411	-0.0174754868752336	0.0341195557460509	-0.512183892583544	0.608522315068025
rs12356193	0.00399843208238138	0.04747182695015	0.0842274742571023	0.932875574499
rs174547	0.193673703068997	0.036001412776468	5.37961396880487	7.46457271009275e-08
rs2066938	-0.007636566335514	0.0377481400004459	-0.202303115740903	0.839679764327074
rs12879147	-0.0880998721695886	0.0514851820268662	-1.71116948025193	0.0870498309298274
rs1077989	-0.0613274311835522	0.0346325189213774	-1.77080481274774	0.0765931653521951
rs4814176	0.0264661058320998	0.0353297800994039	0.749116064624085	0.453787253250401
rs5746636	0.0155194803222442	0.0395600196832413	0.392302138535554	0.694834983707851
rs211718	0.0465079598413187	0.0357816825872168	1.29977006329864	0.193679788807775
rs477992	-0.0346352235794927	0.0370845232197038	-0.933953589595841	0.350327833599635
rs1374804	0.0138717667145352	0.035793824482406	0.387546369104919	0.698351764010781
rs4862429	-0.00728003622659747	0.0366334338930661	-0.198726558035703	0.842476648043236
rs270613	-0.00286672519378302	0.0350844780334566	-0.0817092159971513	0.934877949562325
rs9393903	-0.0208448134690249	0.0392688286198707	-0.530823408836726	0.59554115687778
rs1894832	-0.00348807137611774	0.0342106050474883	-0.101958774809036	0.918789397432216
rs603424	-0.060850281606583	0.0420081978993475	-1.44853349225743	0.147467906196508
rs174556	-0.196730400660483	0.0377551677306826	-5.21068803253139	1.88141587609191e-07
rs2657879	0.0117415880856954	0.0423133906641414	0.277491070826567	0.781403061176231
rs17112944	0.121378444252623	0.0584671643820856	2.07601045023167	0.0378929844861443
rs17101394	-0.0584273015123812	0.0503278111616664	-1.16093468330457	0.245668462829791
rs10873201	-0.0707325519775019	0.0344452807683548	-2.05347584341611	0.0400264502268843
rs4072096	-0.0563028974017708	0.0428259543885521	-1.31469101402726	0.188613767808327
rs7705189	0.0160245355209043	0.0346793080255698	0.462077718191178	0.644025588250435
