SNP	beta	se	Z	P
rs7552404	-0.0450002320029117	0.0359902143074979	-1.25034631965325	0.211173064779499
rs483180	-0.0493340696233094	0.0371469794930535	-1.32807755291476	0.184152488136046
rs2286963	0.0277968441890672	0.0342174174283432	0.812359502211944	0.416585376960615
rs2943644	0.0307563916270759	0.0427688331546265	0.719130950238441	0.472060239057855
rs8396	0.0156942769650073	0.0372806863228362	0.420976074021304	0.673772553135478
rs419291	-0.00720716035776028	0.0351499256727493	-0.205040557549394	0.837540437789796
rs9368564	-0.0419075210605489	0.0399622764490077	-1.04867702204161	0.294326793253937
rs816411	0.0198536996822711	0.0341188301650652	0.581898605146187	0.560634980105116
rs12356193	-0.0447642577735786	0.0474600885066115	-0.943197941304778	0.345579666221073
rs174547	-0.0517885701666655	0.0362196786899573	-1.42984620625652	0.152761164131498
rs2066938	-0.0103951302382994	0.0377201186838065	-0.275585830613044	0.782866193913277
rs12879147	0.0324798340028418	0.0515217045806834	0.630410702968457	0.528425910029693
rs1077989	-0.0186452891482378	0.0346601510636474	-0.537945986271063	0.590614339122853
rs4814176	0.0112172369444144	0.0353343450758482	0.31745987990822	0.750894677390311
rs5746636	0.022251300022058	0.0395111105594128	0.563165643967379	0.573322095007198
rs211718	-0.0415825826158795	0.0358705481269307	-1.15924023432082	0.246358275533126
rs477992	0.054592658890457	0.0370964110246355	1.47164260322117	0.141117414567823
rs1374804	0.00994360765603461	0.035861125697509	0.277280968252631	0.781564371986497
rs4862429	-0.0331369845230701	0.0366254375329474	-0.90475327409429	0.365596110875426
rs270613	-0.0017534657697551	0.0350845233359361	-0.0499783267102014	0.960139659513449
rs9393903	0.0344583712696861	0.0393123044366628	0.876528907767362	0.380742568231923
rs1894832	-0.0137791175548837	0.0342091525077233	-0.402790380491678	0.687102438360658
rs603424	0.0656465100624787	0.0419801421140446	1.56375149669911	0.117875938947126
rs174556	0.0255708721639548	0.0380367309599073	0.672267871571504	0.501413179441305
rs2657879	0.0675263210290231	0.0423867872467784	1.59309835482177	0.111138128368659
rs17112944	-0.0662288161171768	0.0580318492570964	-1.1412494512068	0.253766130968135
rs17101394	0.0132941577334344	0.0503458505724217	0.264056671647865	0.791736250242624
rs10873201	-0.0277388435169533	0.034479734697279	-0.804497011374695	0.421109994665396
rs4072096	0.0268039555688599	0.042842009451405	0.625646553746813	0.531546796446426
rs7705189	-0.0528450294567537	0.0345324667093403	-1.53029987407358	0.125942519450592
