SNP	beta	se	Z	P
rs7552404	-0.0128535565139115	0.0360046954473788	-0.356996673744876	0.721094295857244
rs483180	0.0095797066685163	0.037164648583635	0.257763951324824	0.796589087208871
rs2286963	-0.0182969160828412	0.0342280623878928	-0.534558920557339	0.592954896123026
rs2943644	-0.0570552257208345	0.042753680194071	-1.33451027986	0.182036680123272
rs8396	-0.0578155204930609	0.0370454069436569	-1.56066636225629	0.118602491897005
rs419291	0.038319679377693	0.0351386164717755	1.09052897425465	0.275480197267561
rs9368564	0.00646302917374203	0.0399742976938307	0.161679617819514	0.871558155969654
rs816411	0.05051746239291	0.0341010832987432	1.4814034483993	0.138499096371059
rs12356193	-0.100684687534568	0.0474119962096023	-2.1236120725534	0.0337025952126661
rs174547	0.0277903575212755	0.036276583430403	0.766068766497584	0.443635386193337
rs2066938	-0.0564386714947372	0.0377194865367002	-1.49627358897963	0.13458237466851
rs12879147	0.0130077837871035	0.0515265151969335	0.252448350861454	0.80069453143593
rs1077989	-0.0294421202875792	0.0346559433585844	-0.849554720901469	0.395572694811591
rs4814176	0.033295416854657	0.0353265377473597	0.942504388422426	0.345934465414363
rs5746636	-0.309330879568235	0.0388495062159522	-7.96228600303853	1.68889541064027e-15
rs211718	-0.0119531993711554	0.0358947924726671	-0.333006504502218	0.739129373234994
rs477992	-0.0120886264764918	0.0372224311826114	-0.324767246319448	0.745357235572064
rs1374804	0.0318228336783939	0.035855797184221	0.887522693049983	0.374797554073268
rs4862429	0.0673263845803858	0.0365991221386321	1.83956282681763	0.0658324461172839
rs270613	-0.0399460294069416	0.0350717845962723	-1.13897909293123	0.254711874442696
rs9393903	-0.00568553030072594	0.0392984136128222	-0.144675822203441	0.884966829376627
rs1894832	-0.0587191016504559	0.0341824276455589	-1.71781543017717	0.0858302861442584
rs603424	0.0635079673340739	0.0419077158247489	1.5154242144729	0.129665009081371
rs174556	-0.0383923162305061	0.0380306768088153	-1.0095091502975	0.312730515505828
rs2657879	0.00522367733352293	0.0426066697147572	0.122602338283991	0.902422002732631
rs17112944	-0.0289911833008654	0.0581473432422335	-0.498581391416152	0.618074317246769
rs17101394	0.0149508042730107	0.0503455800567775	0.296963591563545	0.766494305635005
rs10873201	-0.0322909613787277	0.034477505387589	-0.936580562187413	0.348974354433995
rs4072096	-0.057480422523761	0.0428250737602646	-1.34221420949646	0.17952655049622
rs7705189	-0.0653557116588422	0.0345644512792135	-1.8908360827399	0.0586462288663576
