SNP	beta	se	Z	P
rs7552404	-0.0188129023639584	0.0360032297975192	-0.522533741271587	0.601298760125303
rs483180	-0.244952243855751	0.036709819485261	-6.67266271778043	2.51203275809122e-11
rs2286963	0.000276201840268744	0.0342447383224269	0.00806552637862792	0.993564710799993
rs2943644	-0.0305884711635052	0.0427688972616217	-0.715203643816029	0.474483217807353
rs8396	0.0635057540259289	0.037099806525255	1.71175431825227	0.0869419538267258
rs419291	0.00242835662004127	0.0351502902057929	0.0690849664632661	0.944921987460329
rs9368564	-0.00238913566100393	0.0399745553174729	-0.0597664099582775	0.952341678703233
rs816411	-0.215504663069952	0.0337382305172619	-6.38755085153891	1.68563564325641e-10
rs12356193	-0.0301742874463564	0.0474665445119512	-0.635695893952404	0.524974653189491
rs174547	-0.0260005898700801	0.0362698850493983	-0.71686441340159	0.473457761873723
rs2066938	0.0110955389094362	0.0376253437027921	0.294895350247998	0.768073824048507
rs12879147	-0.00710648499840557	0.0515271671822591	-0.137917246125115	0.890305820224815
rs1077989	-0.0421403075641237	0.0346485914928698	-1.21621993127183	0.223901153093185
rs4814176	0.00998538786343262	0.0353345495235825	0.282595589814109	0.77748686140769
rs5746636	-0.0190419291561058	0.0396340925848358	-0.480443171881556	0.630912302518145
rs211718	-0.0160612166518452	0.0358946686440138	-0.447454099970463	0.654547221758836
rs477992	0.24129707997016	0.0365153518335504	6.6080995486522	3.8928489816542e-11
rs1374804	-0.0244257769349369	0.035997627029716	-0.678538530186267	0.49743030250761
rs4862429	-0.043884357272328	0.0366190960858481	-1.19840088814447	0.230760986882565
rs270613	-0.00480510535862587	0.0350843605461006	-0.136958613006841	0.891063508801303
rs9393903	-0.000751491447584256	0.0393553996996021	-0.0190950022949927	0.98476531829531
rs1894832	0.213932071042301	0.0338334733011311	6.3230892417761	2.56385128773808e-10
rs603424	0.0653942631429963	0.0419696358654969	1.55813272606343	0.119201788321561
rs174556	0.00593404271280566	0.0380412886855524	0.15598952921538	0.876041274664118
rs2657879	-0.0330059059357854	0.0425433153173561	-0.775818849320383	0.437855952836485
rs17112944	0.0197709618337185	0.0587508865265583	0.336521931882355	0.736477315732875
rs17101394	-0.00968241873741092	0.0503463087564347	-0.192316357972786	0.847494405749896
rs10873201	-0.0427795608130086	0.0344711045238129	-1.24102669189078	0.214595888627641
rs4072096	-0.035174360397616	0.0428386101311367	-0.821090140178239	0.411594925804413
rs7705189	0.0168821733283666	0.0345775774683983	0.48824048890631	0.625379508654757
