SNP	beta	se	Z	P
rs7552404	-0.0251985532342225	0.0360010420652769	-0.699939551431111	0.483965055851628
rs483180	-0.0123782277090767	0.0371641906127009	-0.333068674576392	0.739082444724494
rs2286963	-0.0320580111404604	0.0342494353732118	-0.936015755913295	0.349265075513857
rs2943644	0.0912522480971789	0.0427204081265278	2.13603409000474	0.0326766352710563
rs8396	0.129573035652422	0.0370601731786818	3.49628791607905	0.000471779356878023
rs419291	-0.0577248834146885	0.0351237448139424	-1.64347178014386	0.100285359398979
rs9368564	0.0653370898557636	0.0399446385714054	1.63569110129677	0.101904252824584
rs816411	0.0283354510851495	0.0341154691536611	0.830574862022928	0.406213840557492
rs12356193	-0.0456457703737861	0.0474596155597208	-0.961781292061832	0.336159477365153
rs174547	-0.0102386936253591	0.0362921972228293	-0.282118317678451	0.77785278800415
rs2066938	-0.00293557086700662	0.0376853091170038	-0.0778969560231649	0.937910020796718
rs12879147	0.0139029316159203	0.0515263920000668	0.269821562819735	0.787297533151366
rs1077989	0.00325656383429094	0.0346628763847972	0.0939496133598202	0.925149182330582
rs4814176	0.0266519463339403	0.0353297044510351	0.754377845726911	0.450622370575041
rs5746636	0.0203537471123611	0.0396495210345397	0.513341563309945	0.607712414836191
rs211718	-0.0207183151204342	0.0358802372398596	-0.577429713798495	0.563649206413634
rs477992	0.0183855399918569	0.0370865873186428	0.495746341767469	0.620073386881918
rs1374804	0.0637988625642216	0.0359939795675589	1.77248704729841	0.0763137435357001
rs4862429	-0.020787688354014	0.036630534377748	-0.567496180635626	0.57037712076235
rs270613	0.0694008194245246	0.0350460278088928	1.98027633268368	0.0476724866995624
rs9393903	-0.0691306295007804	0.0392651532169688	-1.76061020617398	0.0783044000005777
rs1894832	-0.0367942027312078	0.0341996083457842	-1.07586620171758	0.281987099489151
rs603424	-0.0198154529315251	0.0419573527448068	-0.472276052591944	0.63672976117367
rs174556	0.0113870411237511	0.0380405938373269	0.299339205177645	0.764681243736114
rs2657879	-0.0417591494127943	0.0424909868448769	-0.982776643085405	0.325717379773806
rs17112944	0.0394649379744816	0.0582319338221487	0.677719858918218	0.497949332490077
rs17101394	0.0260437670150485	0.0503430547404088	0.517325918129954	0.60492866431616
rs10873201	0.0103744917670786	0.0344851153747585	0.300839700094848	0.76353673359548
rs4072096	0.0872572405179435	0.0427968495169842	2.03887065292773	0.041462938547502
rs7705189	0.0487943326369592	0.0346343941786755	1.4088403679081	0.158882375613494
