SNP	beta	se	Z	P
rs7552404	-0.00450052945125771	0.036005806122219	-0.124994547712139	0.900527866783276
rs483180	-0.00574627990389972	0.0371650729605699	-0.154615057798923	0.877124798349874
rs2286963	0.00259660130725001	0.0342528690460693	0.0758068266853105	0.939572784846718
rs2943644	0.0529772541513029	0.0427566014351153	1.2390426828404	0.215329691607023
rs8396	0.0554557573791384	0.0371826701712454	1.49144096224763	0.135845760421334
rs419291	-0.0724590465780725	0.0351084037277358	-2.06386616549101	0.039030407511993
rs9368564	0.04713095770168	0.0399589844575749	1.17948337129838	0.238205754335896
rs816411	-0.0351219526483546	0.0341119064142918	-1.02960978556272	0.303193219786981
rs12356193	0.0435830210438286	0.0474606716232412	0.918297604168044	0.358463081250286
rs174547	0.0397950773532984	0.036275740806268	1.0970162557348	0.272634286089761
rs2066938	0.0128372929037166	0.0376447404374359	0.34101159297543	0.73309485435519
rs12879147	-0.0711570737461548	0.0514998464162527	-1.38169487285497	0.167065409337981
rs1077989	-0.00871278730557647	0.0346623250661793	-0.251361883224553	0.801534334586645
rs4814176	-0.0420091641841837	0.0353213104860457	-1.18934330595633	0.234304600587232
rs5746636	0.029683053606272	0.0395397451530555	0.750714337974891	0.452824592210856
rs211718	0.000317942798828285	0.0359173190550151	0.00885207490963587	0.992937158338458
rs477992	0.0146757187031207	0.0371339316917179	0.395210472862314	0.692687564277214
rs1374804	0.0935485810742635	0.036001445097398	2.59846738988332	0.00936409388638133
rs4862429	0.00612460039375957	0.036633530982066	0.167185641939836	0.867223981488937
rs270613	0.0714661569490705	0.0350436764704398	2.03934530126581	0.0414155774011752
rs9393903	-0.0523640556471237	0.0393345150289422	-1.3312495554755	0.183106910497646
rs1894832	0.0177290671493472	0.0342081081383371	0.518270904595224	0.60426927005489
rs603424	-0.0301908092622266	0.0419899459779504	-0.719000907457234	0.472140360557212
rs174556	-0.0414963165259377	0.0380288289004534	-1.0911804997877	0.275193466636001
rs2657879	-0.0948542028725037	0.042470635591867	-2.2334067185627	0.0255221355342191
rs17112944	0.190276734813106	0.0585630686453053	3.24909092393264	0.00115774465744468
rs17101394	-0.0688611031834909	0.0503203809171481	-1.36845353569302	0.171170156552587
rs10873201	-0.00354327481858493	0.034485865646864	-0.102745711964088	0.918164792699273
rs4072096	0.0552166378988295	0.0428267224809479	1.28930337649334	0.197292637602556
rs7705189	0.0741581286802552	0.034559166839265	2.14583091731248	0.0318864710063803
