SNP	beta	se	Z	P
rs7552404	-0.0054990906332805	0.0360057530991807	-0.15272811036983	0.878612691953785
rs483180	0.0341419024299837	0.0371565512028331	0.918866292073427	0.358165512874099
rs2286963	-0.0243769576483436	0.034210258386265	-0.712562804206433	0.476116335326579
rs2943644	-0.0463434413164808	0.0427609519641496	-1.08377945737351	0.278462595572979
rs8396	-0.0236739064339849	0.0370835518467964	-0.63839371513789	0.523217421082613
rs419291	-0.00193852820382075	0.0351503094490178	-0.0551496767512786	0.956019220010094
rs9368564	-0.0389179706471777	0.039963971277724	-0.973826409210505	0.330142737995589
rs816411	-0.029335020977817	0.0341149961471154	-0.859886392814307	0.389851669989623
rs12356193	-0.0339541329034541	0.0474651153910104	-0.715349212231869	0.474393286632786
rs174547	-0.0368557085320509	0.0362399603611023	-1.01699086215363	0.309157776444843
rs2066938	-0.00171717474525974	0.0376277291751273	-0.045635885632844	0.963600466358039
rs12879147	0.00423996015725578	0.0515273473851562	0.0822856283589172	0.934419582570528
rs1077989	-0.055210052539156	0.0346382944706422	-1.5939021647255	0.110957949521501
rs4814176	-0.0158741466722937	0.0353333431456845	-0.449268177280658	0.653238211070843
rs5746636	0.0427275192620988	0.0395410663143709	1.08058591344993	0.27988135136646
rs211718	-0.00608304479517887	0.0359001311826322	-0.169443525546829	0.865447790000443
rs477992	-0.0430521851938275	0.0368967400002061	-1.16682897170826	0.243279444546647
rs1374804	0.00437416143825821	0.0357368670818415	0.122399129958451	0.902582927523396
rs4862429	0.0126956292063399	0.03663260947864	0.346566334941075	0.728917140973482
rs270613	0.00188955770354024	0.035084518730487	0.0538573072087859	0.957048851180074
rs9393903	0.0379516877556482	0.0393685279153461	0.964010842296555	0.33504049005285
rs1894832	0.0131785487718525	0.034209284596178	0.385233100528647	0.700064721558442
rs603424	0.067041679485691	0.0419861447713773	1.59675721242677	0.110319837025119
rs174556	0.00491250473420639	0.0380413727217278	0.129135842971317	0.897250160854275
rs2657879	0.0859501808543613	0.0425612640644393	2.01944615000696	0.0434408689639798
rs17112944	0.0565841170492938	0.058540561897894	0.966579670826995	0.333754201304601
rs17101394	0.0202598809629145	0.0503445477681471	0.402424529786577	0.687371620325957
rs10873201	-0.0502332478222645	0.034465466223193	-1.45749509079499	0.144979765509612
rs4072096	-0.0532920539159463	0.0428281193491017	-1.24432393310457	0.21338036609694
rs7705189	-0.0109532612825132	0.0346133202284172	-0.316446420344289	0.751663687431447
