SNP	beta	se	Z	P
rs7552404	-0.0469719212379131	0.0359887917971233	-1.30518194394255	0.191830900981455
rs483180	-0.0496226575907436	0.0371467540751171	-1.33585447305566	0.181596844103725
rs2286963	0.0379207869603963	0.0342418276660344	1.10744050610392	0.268103521193181
rs2943644	-0.0494678079761786	0.0427589782547473	-1.15689873788522	0.247313734448115
rs8396	0.0249991805350049	0.0371701558850596	0.67256055132804	0.501226905714816
rs419291	0.00521501844766878	0.0351501138072479	0.148364198086706	0.882055353120306
rs9368564	-0.0430794096329996	0.0399615669824013	-1.07802103085626	0.281024370820908
rs816411	0.0371236501725347	0.0341107326141479	1.08832755345563	0.276450530899369
rs12356193	-0.0622814186554742	0.0474489950828236	-1.31259721194854	0.189318709590411
rs174547	0.0217842994221703	0.0362354261747095	0.601187890467662	0.547714849085183
rs2066938	0.00979640492966934	0.0376515989366937	0.260185628401618	0.794720589477897
rs12879147	0.0136035031105395	0.0515264254103875	0.264010223922831	0.791772040628411
rs1077989	-0.0526666912604896	0.0346405071163264	-1.52037876015006	0.128415809523702
rs4814176	0.0516286332806844	0.0353141740737552	1.46198048332819	0.14374655812542
rs5746636	0.0389302098662827	0.0394750244085948	0.986198500178927	0.324035715139686
rs211718	-0.044902121706088	0.035898228553604	-1.25081719949047	0.211001178305728
rs477992	0.0476955750247486	0.0370913405399447	1.28589515316611	0.198479655471636
rs1374804	-0.00817238915647043	0.0358646291962074	-0.227867660690457	0.81974912439255
rs4862429	-0.00979759413089617	0.0366330994657832	-0.26745195666688	0.789121200202153
rs270613	-0.0112169697918955	0.035083532953121	-0.319721785342535	0.749179243635162
rs9393903	0.036193738525918	0.0393000098317159	0.920960037437672	0.357071291532861
rs1894832	-0.0392783913163882	0.0341980511628887	-1.14855642297572	0.250738934599377
rs603424	0.0433096267124886	0.0420150568082543	1.03081204697979	0.302628967786216
rs174556	-0.0595020762329741	0.0380154332412206	-1.5652084208909	0.11753404767145
rs2657879	-0.00692470925003437	0.0423662455390887	-0.163448735235351	0.870165133602133
rs17112944	0.0664345596012622	0.0582890263674649	1.13974385474285	0.254393030811399
rs17101394	0.00444858060525673	0.0503467114338992	0.0883589112090732	0.929591417621775
rs10873201	-0.0554439174842925	0.0344609771169651	-1.60888988423365	0.107640421802071
rs4072096	-0.063557964824811	0.0428202536247144	-1.48429678585854	0.137730202634848
rs7705189	-0.0653599211833625	0.0344624262932073	-1.89655599484721	0.0578865631060384
