SNP	beta	se	Z	P
rs7552404	-0.0511742790002348	0.0359855873423366	-1.42207708084366	0.155003875441928
rs483180	-0.00717221334868011	0.0371649601442809	-0.192983211090132	0.846972116544617
rs2286963	0.0171219756267416	0.0342544325469376	0.499847008216528	0.617182807776445
rs2943644	-0.0233984586433234	0.0427714456914584	-0.547057932343778	0.58433893223275
rs8396	-0.0141847128235602	0.0371954094509807	-0.381356544609464	0.702938701368024
rs419291	0.026610596644919	0.0351446902273454	0.75717260481681	0.448946460540591
rs9368564	-0.016989323182557	0.0399725736471666	-0.425024501362356	0.670818813738585
rs816411	0.0115992915222245	0.0341209639482399	0.339946184985281	0.7338970550045
rs12356193	-0.052802392925653	0.0474554543201516	-1.11267279350924	0.265848984319764
rs174547	-0.030081579268866	0.0362124307909151	-0.83069759780978	0.406144483747144
rs2066938	0.00752318513761764	0.0375986857539494	0.200091704982731	0.841408860652613
rs12879147	0.0269181014174048	0.0515235025694745	0.522443158461681	0.601361813148842
rs1077989	-0.0465974075531909	0.0346453930275809	-1.34498135195335	0.17863125675332
rs4814176	0.0697538353345015	0.0352967084356306	1.97621360251507	0.0481305899320036
rs5746636	0.0510578578620153	0.0394495927345632	1.29425563922949	0.195577133846568
rs211718	-0.0531632878599346	0.0358741458687346	-1.48193877714781	0.138356585959618
rs477992	0.00468252719164193	0.037161184542541	0.126005864702227	0.899727282219507
rs1374804	0.000861602994655827	0.0359387482235773	0.0239742071508929	0.980873182504281
rs4862429	0.0187783600108862	0.0366311445234427	0.512633723439044	0.608207558706741
rs270613	-0.0376728426044645	0.0350732022073823	-1.07412041768273	0.282768714570897
rs9393903	0.0120127566592486	0.0393262129082439	0.305464365136729	0.760012506298758
rs1894832	-0.00649010549768347	0.0342103635500315	-0.189711678690345	0.849535068737272
rs603424	0.0645659129622665	0.0419994267831313	1.53730462312402	0.124218729892977
rs174556	-0.000615722824301924	0.0380415484735608	-0.0161855352636304	0.987086375141005
rs2657879	0.128258097484272	0.0423962270377808	3.02522432880588	0.00248448776631612
rs17112944	-0.0145751185243386	0.0580498056260444	-0.251079540528201	0.801752613636543
rs17101394	0.0234838540023321	0.050343763072958	0.466469976991975	0.640879132873787
rs10873201	-0.0488146016404629	0.0344666100765471	-1.41628670565658	0.156691578605266
rs4072096	-0.0313029627996286	0.0428402981936285	-0.730689657157527	0.464968734471858
rs7705189	-0.0630247999822639	0.0344544964402879	-1.82921843282459	0.0673668921577438
