SNP	beta	se	Z	P
rs7552404	-0.0481108390313991	0.0359879572054978	-1.3368594042912	0.181268534150189
rs483180	-0.0535966125047924	0.0371436668996774	-1.44295426322752	0.149033355662462
rs2286963	0.0126645994620339	0.0342372846767095	0.369906655320981	0.711452042406453
rs2943644	-0.0723833516799395	0.0427406726510079	-1.69354732132959	0.090351335460897
rs8396	0.00216417663131944	0.0371799913248711	0.0582080994158743	0.953582869262201
rs419291	0.0117064392501138	0.0351492464691409	0.333049508199028	0.739096912185123
rs9368564	-0.0299331385170695	0.0399683122579294	-0.748921753910961	0.453904367795678
rs816411	0.0650271470821823	0.0340873003051152	1.90766492213008	0.0564345382194547
rs12356193	-0.0543624880328402	0.0474544660262194	-1.14557158862148	0.251972458583132
rs174547	-0.0672239828571249	0.0362373414294477	-1.85510250491214	0.063581590174021
rs2066938	-0.0502590453340824	0.0376957651803586	-1.33328094266329	0.182439625247384
rs12879147	0.043390693792835	0.0515171982790322	0.842256474387802	0.39964440861077
rs1077989	-0.0230866887615414	0.0346586511412801	-0.666116193253813	0.505336834884597
rs4814176	0.00552135222974801	0.0353351014393879	0.156256866538761	0.875830554153237
rs5746636	0.0425801166482615	0.0395515958141438	1.07657139419479	0.281671789583401
rs211718	-0.0449576449324644	0.0358971481559981	-1.25240157622249	0.210423572258736
rs477992	0.054662081341854	0.0370434234791959	1.47562174896046	0.140045463213726
rs1374804	-0.0471208602011303	0.0357478569376353	-1.31814503687133	0.187455100588272
rs4862429	-0.000793431182650841	0.0366338388506056	-0.0216584231285858	0.982720429522748
rs270613	-0.00611658921432338	0.0350842485874773	-0.174340037497813	0.861598235642187
rs9393903	0.0304782670672089	0.0392929363033929	0.775667840954333	0.43794513267762
rs1894832	-0.0615165269802747	0.0341796746213296	-1.79979849608883	0.0718924615279253
rs603424	0.0542577970290165	0.04198640926117	1.29227047475087	0.196263493070665
rs174556	0.0367316686016454	0.038031603855819	0.965819604687149	0.334134456742299
rs2657879	-0.0014224228290132	0.0424784791571799	-0.033485728708646	0.973287246291269
rs17112944	0.0257571988331939	0.0583705490730648	0.441270456458317	0.659017211503618
rs17101394	0.0343337803156024	0.0503402683013817	0.68203411451941	0.495217379683603
rs10873201	-0.0358922892016401	0.0344755146114438	-1.04109509622014	0.297831415231942
rs4072096	-0.0787716330213211	0.0428060815343202	-1.84019723828646	0.0657392853045871
rs7705189	-0.0423868647398659	0.0345219169977243	-1.22782476832501	0.219512755697767
