SNP	beta	se	Z	P
rs211718	0.112272301014761	0.0199903210872771	5.61633305060904	1.95052529551346e-08
rs11163924	-0.1119169033048	0.0200963080652666	-5.56902804939735	2.56164250120107e-08
rs7552404	0.111914124267759	0.0200573800087832	5.57969805721142	2.40936460453332e-08
rs12134854	0.113394105954166	0.0201176554406057	5.63654677797545	1.73493924343708e-08
rs2066183	0.105745129233991	0.0195464730471818	5.40993400593249	6.30479782914859e-08
rs7544117	0.105590744118849	0.0195250420903766	5.40796499337083	6.37448796539022e-08
rs1498315	-0.11403980728678	0.0200086004283075	-5.69953944032186	1.20131530444427e-08
rs7533888	0.114193450305361	0.0200348382721425	5.69974405354403	1.1998743616444e-08
rs1858536	0.105564375066318	0.0195215160241692	5.4075910362505	6.38780766199574e-08
rs4949874	-0.114017198390096	0.0200057522116541	-5.6992207633001	1.20356286536277e-08
rs7535991	0.105560358428303	0.0195205122000648	5.40766335157705	6.38522981571241e-08
rs4949876	0.114091397447005	0.0200218141194394	5.69835464291084	1.20969209070365e-08
rs7513559	0.105486176864094	0.0195102083041941	5.40671710006387	6.41904096134555e-08
rs942270	-0.114934808226494	0.0200158828794348	-5.74218029345999	9.34652293804233e-09
rs7534754	-0.117220430576912	0.0200203428863548	-5.85506608165065	4.76820386047544e-09
rs7524467	0.124509868536498	0.0200555726946269	6.20824298723995	5.35802611673189e-10
rs2275378	-0.115610543349243	0.0195099433479576	-5.92572419547012	3.10924060319185e-09
rs3818855	-0.109412581168212	0.0195678049084121	-5.59145911768445	2.25169314962868e-08
rs2173378	0.11352049562069	0.0195841768754375	5.79654158266243	6.76964052985909e-09
rs1146574	0.112850998422023	0.0195792090459077	5.76381804583724	8.22320682934296e-09
rs11161493	-0.108814304220541	0.0194949382292673	-5.58166960781544	2.38220587305911e-08
rs12123977	-0.108459026995179	0.0200432848321915	-5.41124011873461	6.25897783172194e-08
rs1146579	-0.105252652677916	0.0193732838216363	-5.43287620451668	5.5452880142025e-08
rs11161510	0.113377823565685	0.0198258773884543	5.7186787421429	1.07355547675801e-08
rs11161511	0.118314677798518	0.02025544872328	5.84112844967666	5.18484067586213e-09
rs1146581	-0.104715074228786	0.0193932275061894	-5.3995692153545	6.68011078306354e-08
rs11161521	-0.112778135540526	0.0199329913051944	-5.65786307803872	1.53269330990458e-08
rs4646961	-0.112823908954373	0.0199356702217879	-5.65939884133251	1.51904155895563e-08
rs1612097	0.105244722805681	0.0194388059056888	5.41415575196831	6.1578548948218e-08
rs1767458	0.108997617332241	0.0200605603871659	5.43342834041537	5.52814900893185e-08
rs1694419	-0.109879967514437	0.0195031200287831	-5.63396868563975	1.7610901217546e-08
rs17587071	0.119112267670422	0.0201922558772797	5.89890839311553	3.65914310078009e-09
rs1146588	0.110085292075118	0.019600625381178	5.61641733027714	1.94957459897788e-08
rs12136754	-0.109905677652224	0.0195769264087529	-5.61404151793126	1.97654756884313e-08
rs7516226	-0.121301567341136	0.0201537659819515	-6.01880400168217	1.75710468349358e-09
rs11161620	-0.106151978982838	0.020708197045883	-5.1260850351983	2.95829034457407e-07
rs12093623	-0.115845698439503	0.0207798302341261	-5.57491072517298	2.47656836970897e-08
rs1146646	-0.104790024442	0.020208139895298	-5.18553538252091	2.15395187006219e-07
rs4949677	-0.116895137723128	0.021249675383581	-5.50103169168641	3.77575328182326e-08
rs12122939	-0.112856461183681	0.0206726251005225	-5.45922255325129	4.78224004789087e-08
rs7547056	-0.114614109091568	0.0202659676185155	-5.65549650769469	1.55396389805233e-08
rs6683437	-0.112724161321562	0.0212444648970805	-5.30604851040765	1.12027155780007e-07
rs1159214	-0.109185121641034	0.0210622682689582	-5.18392037584824	2.17269719920087e-07
rs1565717	0.109192850511498	0.0210989106250056	5.17528380740601	2.27564797697143e-07
rs7365179	0.12038963356534	0.0233692364833175	5.15162887975745	2.58233668174512e-07
rs2172507	0.117166260775349	0.0215895105074807	5.42699940949337	5.73093178671571e-08
rs5745427	0.108497098696592	0.0210882866243323	5.14489871222657	2.67665188628592e-07
rs5745433	-0.108329677492733	0.0210489424230718	-5.14656153812234	2.65304457474884e-07
rs2029681	0.108538067920086	0.0210895676440009	5.14652883132767	2.65350697158477e-07
rs6699682	-0.109136357369161	0.0211891163777586	-5.15058558476356	2.59674400397254e-07
rs2029683	0.109004227827866	0.0212576832954958	5.12775669449182	2.9321503843302e-07
rs5745442	-0.108742402209022	0.0212161720187712	-5.12544874319508	2.96829913677729e-07
rs5745449	-0.112855048931194	0.0218321577180553	-5.16921187491523	2.35083261395288e-07
rs11161836	0.106160223260017	0.0212809426181424	4.98851132512869	6.08463451300045e-07
rs11161857	-0.105905994535845	0.0212557751099931	-4.9824574257024	6.27818068428005e-07
rs7523573	0.106101546365832	0.0213126037677121	4.97834743808132	6.41294627138968e-07
rs10732723	-0.117598049961967	0.0213018446241681	-5.52055711778806	3.37926523297169e-08
rs17650138	0.127243377813948	0.0215491051280548	5.90481029526788	3.53052771771393e-09
rs12090849	-0.111415227195998	0.0212439512097413	-5.2445623742964	1.56653704522759e-07
rs11588578	-0.120436557138365	0.0212755110681382	-5.66080677228612	1.50662996191373e-08
rs931507	0.120916512537916	0.0213302629447684	5.66877740096364	1.43820071181821e-08
rs1770887	-0.121381524723892	0.0208519633675191	-5.82110770983639	5.84588790228152e-09
rs1770885	-0.110933495309305	0.0214851697888953	-5.16325895486484	2.42687036288748e-07
rs1689275	0.109342317661951	0.0215114363341439	5.08298543916372	3.71548194310503e-07
rs10518521	-0.107799203930782	0.0214125430513193	-5.03439519875898	4.79359837147454e-07
rs10782602	-0.107893146492884	0.0214131405988635	-5.03864185614187	4.68846861697227e-07
rs4949686	-0.107982911247195	0.021427914574969	-5.03935699712633	4.67098487126438e-07
rs17437781	-0.0893520038072621	0.0175750397939874	-5.0840285344805	3.69512389453181e-07
rs11677541	0.0944214989207969	0.0179354120488836	5.26452911499596	1.40549125859204e-07
rs7908673	-0.123432331838541	0.0248351746157474	-4.97006096185352	6.69318541725408e-07
