SNP	beta	se	Z	P
rs211718	-0.12563022030796	0.0169346084368505	-7.41854887146859	1.18410485407522e-13
rs11163904	-0.0862887164979803	0.0160348337901571	-5.38132902574568	7.39379087990616e-08
rs12129523	-0.0883017619483608	0.0160765766834499	-5.49257243547772	3.96120995467367e-08
rs11163915	0.0884167470618532	0.0160981198243823	5.49236482436519	3.9658707915436e-08
rs12125933	0.0816336658510123	0.0162080745792973	5.03660477693529	4.73861774836403e-07
rs12126155	0.0959650567189144	0.0178537890475752	5.37505268283361	7.65602934578551e-08
rs11163924	0.118704438862429	0.017016318270274	6.97591787935674	3.03880201697473e-12
rs17585530	-0.08855743041711	0.0160774016694899	-5.50819294296575	3.62535930786179e-08
rs7552404	-0.124769944555909	0.0170002327029772	-7.33930803982808	2.1470095384104e-13
rs12132750	0.0887367497567976	0.0161011120120973	5.5112187090014	3.56357584484533e-08
rs12131344	0.0894154829662634	0.0160757058800188	5.56214972043012	2.6647151846399e-08
rs12134854	-0.123382200517914	0.0170502100445504	-7.23640355136558	4.60739046406513e-13
rs2066183	-0.104992226202081	0.0164207105463072	-6.39389056313961	1.61717192146788e-10
rs7544117	-0.104476315045164	0.0164021955743228	-6.36965426803706	1.89454775876748e-10
rs1498315	0.114236368668429	0.0169765158774681	6.72908207390473	1.70736734449771e-11
rs1846233	0.0796349702206059	0.016157447988602	4.92868491835981	8.27849571791609e-07
rs7533888	-0.114354947173977	0.016998150982769	-6.72749331912031	1.72610756827114e-11
rs1858536	-0.104393887705313	0.0163991706594982	-6.36580287338184	1.94270809466271e-10
rs4638068	-0.0794339447233519	0.0161314899003973	-4.92415426063005	8.47259821162979e-07
rs4949874	0.114164878589607	0.0169739547942583	6.72588562732742	1.74527616364563e-11
rs7535991	-0.10437769352818	0.0163982502887179	-6.36517260625011	1.95070241728616e-10
rs4949876	-0.114032292174828	0.016986526775832	-6.71310231218485	1.90529419167428e-11
rs7513559	-0.104130566482604	0.0163894023108438	-6.35353044044247	2.10428522770573e-10
rs942270	0.113964963397945	0.0169840364874372	6.71012238358317	1.94461249539709e-11
rs11164042	-0.0793249823223539	0.0161098756726746	-4.9239971762727	8.47940602632174e-07
rs7534754	0.114096506047047	0.0169867238497791	6.71680466793074	1.85752700318559e-11
rs1251079	-0.0840912128209313	0.0147747987771193	-5.69153015817432	1.25905911890356e-08
rs1251078	0.0881738753094271	0.0150067350163104	5.87562019410574	4.2126317793844e-09
rs1250876	-0.0818893195250942	0.0159813583490181	-5.12405252023683	2.99037627349822e-07
rs7524467	-0.122053904259285	0.0170236713564246	-7.16965816032527	7.51852635090335e-13
rs1250880	0.0823726817053929	0.0157710997511027	5.22301443814237	1.76033658719436e-07
rs2275378	0.112291936050073	0.0163955923375411	6.84890998374956	7.44148005214695e-12
rs3818855	0.105133957060069	0.0164271772718553	6.40000137091083	1.55375556562989e-10
rs2173378	-0.114915701551	0.0164468390500629	-6.98709953938292	2.80627150040101e-12
rs1146574	-0.115242399503639	0.0164396004063671	-7.01004870282646	2.38235181158028e-12
rs7516477	0.0845472926460161	0.0157418461765495	5.37086258484507	7.83609058855692e-08
rs11161493	0.115787780419781	0.0163536381638716	7.08024595258434	1.43898836382112e-12
rs12123977	0.117776084505487	0.0170093562326942	6.92419412553109	4.38464310826654e-12
rs1146579	0.114855554827611	0.0162434052611806	7.07090372867192	1.53927905153464e-12
rs11161510	-0.121672468505501	0.0167807158759848	-7.25073169730669	4.14526105092654e-13
rs11161511	-0.125717459609633	0.0171829208841642	-7.31641962720635	2.54674439260465e-13
rs17647178	-0.0921488864099002	0.0161114851090221	-5.71945328356471	1.06867351071865e-08
rs1146581	0.11513989846179	0.0162543544952388	7.08363401914957	1.40422459511561e-12
rs11161521	0.125120257324227	0.0168745173846351	7.41474582485862	1.2185828369798e-13
rs4646961	0.125125772278425	0.0168770132467147	7.41397606610178	1.22568048850224e-13
rs1612097	-0.115330034915802	0.0162935196213431	-7.07827636974944	1.45958422556813e-12
rs1767458	-0.109691641327133	0.016802531351403	-6.52828071158305	6.65289241911139e-11
rs1694419	0.0852882168100785	0.0163915251323602	5.20318982653434	1.95896586543538e-07
rs17587071	-0.122286087126456	0.0171162371090393	-7.14444923539155	9.03574422702142e-13
rs8763	0.106435514644856	0.019584002099564	5.43481940533622	5.48519585224008e-08
rs1146588	-0.111670035148134	0.0164385491699584	-6.79318071160511	1.09687839032449e-11
rs12136754	0.111541286094358	0.0164187875263015	6.79351541127374	1.09433541628366e-11
rs7516226	0.125957460079516	0.017020442155765	7.40036357027618	1.35812139184594e-13
rs12130832	-0.089787005969479	0.0162632462110246	-5.52085388147256	3.37356232759223e-08
rs6664254	0.0899696534544918	0.0162888886348568	5.52337580981212	3.32547374186117e-08
rs12142247	0.0916314390814716	0.0160935860671091	5.69366197809334	1.24343139706982e-08
rs11810154	0.0943580581326308	0.0162728008405501	5.79851367058461	6.6905249896256e-09
rs17647711	0.0935468233049735	0.0162040218311013	5.77306203855045	7.7843764147599e-09
rs1498311	0.0906269177151519	0.0160235486027725	5.65585813491222	1.55069515607262e-08
rs11161620	0.108723820402738	0.0173711579640731	6.25887005504181	3.8777680773946e-10
rs11588643	0.0917243898743421	0.0162794824665961	5.63435539566761	1.75714326902541e-08
rs12093623	0.103925770416144	0.0174641551234679	5.95080435792118	2.66827883687411e-09
rs1146646	0.0920867136145301	0.0168465227089011	5.46621491008792	4.59746893201202e-08
rs6656501	0.0909292251143449	0.0163198326376912	5.57170083376597	2.52264338098418e-08
rs4949677	0.102409659564109	0.0178444278573112	5.73902735257213	9.52218415321377e-09
rs5745325	-0.0912682629936117	0.0162888771455939	-5.60310340472421	2.10547529694322e-08
rs5745331	0.0915110662631117	0.0162763280104167	5.62234099758531	1.88386935507532e-08
rs5745347	0.091732279598539	0.0162309541318046	5.65168743954424	1.5888030422157e-08
rs12122939	0.098626285583309	0.0173213315551519	5.69392054353782	1.24154879750112e-08
rs7547056	0.084668110400329	0.0170164154903972	4.97567248802248	6.50215046122192e-07
rs5745383	-0.0917931203935043	0.0162843872444079	-5.63687899432789	1.73159695880725e-08
rs1856791	0.0943333431607833	0.0163420568793332	5.77242778294823	7.8137436579536e-09
rs6683437	0.105677201911326	0.0177098003812185	5.96715940533123	2.41419530073e-09
rs1159215	-0.0848725063756539	0.0164818652616145	-5.1494478949126	2.61254336067742e-07
rs1159214	0.112914950273942	0.0175808270380439	6.42261880112926	1.33949634930803e-10
rs1565717	-0.113040078936183	0.0176111198684999	-6.41867636926211	1.37464287175519e-10
rs7365179	-0.132836421907463	0.0195029237404241	-6.81110297489035	9.68532700633607e-12
rs2172507	-0.118100089923289	0.0180345542453043	-6.54854499406547	5.81003530388805e-11
rs5745427	-0.112625707501549	0.0176037064848456	-6.39784056832034	1.57589703479986e-10
rs5745430	0.0940339742406157	0.0163482290839852	5.75193641816114	8.82269833921801e-09
rs5745433	0.112399462814579	0.0175715249164676	6.39668232261623	1.5878920521713e-10
rs2029681	-0.112635657806118	0.0176048400556025	-6.39799381592637	1.57431662039832e-10
rs6699682	0.113879504204058	0.0176297809370731	6.45949627000663	1.05052075599712e-10
rs2029682	-0.0893814135666557	0.0161739716783539	-5.52625015946316	3.27147575652148e-08
rs2029683	-0.114246751933702	0.0176782987618087	-6.46254220912448	1.02958413581111e-10
rs5745442	0.114052829550535	0.0176433818583505	6.46434059332873	1.01741483691571e-10
rs5745449	0.114503580907317	0.0181513320190615	6.30827427910372	2.82163857947162e-10
rs11161836	-0.111881702125846	0.0176799734358002	-6.32816008078932	2.48101684187561e-10
rs1001160	0.086900486085605	0.0161140133125623	5.39285182406161	6.9348137805551e-08
rs1908089	0.0780202047689788	0.0154917127169298	5.03625429896566	4.74729787179789e-07
rs1303870	-0.0781505123461932	0.015542677956736	-5.02812401850761	4.95301516086968e-07
rs5745523	0.0780299194751913	0.0154913580322026	5.03699671216602	4.72892900335417e-07
rs6687882	-0.0779936123403639	0.0154801975383531	-5.03828275751199	4.69727163858375e-07
rs5745543	0.0861966880072284	0.0161020517732108	5.35314935147797	8.64364478072714e-08
rs11161848	0.0862452921329157	0.0161021148682593	5.35614686881434	8.50154124013749e-08
rs10873788	-0.10279761192195	0.017829365571393	-5.76563487412517	8.13510127119339e-09
rs11161857	0.111920202467957	0.0176571020737714	6.3385374338526	2.31956487725412e-10
rs7523573	-0.112438519943662	0.0177021335949942	-6.35169310751655	2.1295785889738e-10
rs10873797	0.086990939672713	0.0161023120447312	5.40238814345775	6.57594641868761e-08
rs5745545	0.0870035118204275	0.0161021495049816	5.40322345122374	6.5453837303692e-08
rs5745546	-0.0789070911346403	0.0154904602952453	-5.09391519881824	3.50743698861971e-07
rs5745547	-0.0869141532054075	0.0160763748995748	-5.40632784121662	6.43300012544398e-08
rs5745553	0.0871137982535013	0.0160997153534938	5.41089058662126	6.27120812062524e-08
rs5745554	0.0790731601754044	0.0155002463525391	5.1014131244728	3.37126764608408e-07
rs5745558	0.0790945736576102	0.015500089083074	5.10284639228176	3.34582569514144e-07
rs7513194	-0.0870694576347867	0.016070774711116	-5.41787556604609	6.03113658308594e-08
rs6671871	-0.0790713721475749	0.0154846093688779	-5.10644926610149	3.28268692964353e-07
rs11161887	-0.0790661863520992	0.0154851435773681	-5.10593821471932	3.29157235356234e-07
rs10732723	0.0972950559416881	0.0177563474298353	5.47945214105278	4.2664482865571e-08
rs12090849	0.11313441651042	0.0176833699974479	6.39778597217314	1.57646044929211e-10
rs11588578	0.0975114485125156	0.0177417102183124	5.49616960894036	3.88129227897667e-08
rs931507	-0.0976605773710937	0.0177897475115219	-5.48971126812463	4.02591308767008e-08
rs1770887	0.0896294045275608	0.0173926043384821	5.15330555351338	2.55934436730679e-07
rs1770885	0.112835869464262	0.017870218717459	6.31418513943662	2.71588652157371e-10
rs1796810	0.084011509257852	0.0160946954245426	5.21982597631165	1.7909133259601e-07
rs1689275	-0.111613901140349	0.0178899974227224	-6.23889978869347	4.40659163914546e-10
rs1770882	-0.0838074935901874	0.0160470343227285	-5.22261571233041	1.76413249855955e-07
rs1251584	-0.0815413035691587	0.0159813800815445	-5.10226921286501	3.35604884219558e-07
rs1251567	0.0960301516018469	0.0164385912128601	5.84175069252415	5.16550712342336e-09
rs12140121	-0.113146222019416	0.0177071033455427	-6.38987754300863	1.660186519832e-10
rs10518521	0.115313782741963	0.0177815916629561	6.48500904349259	8.87264630215304e-11
rs10782602	0.11542700571649	0.0177810224000016	6.49158429250275	8.49383646618111e-11
rs879268	-0.0962132894148816	0.0164867529603911	-5.83579372154304	5.35350959241244e-09
rs4949686	0.115527102335584	0.0177930867372914	6.49280836098314	8.42508343693727e-11
rs10873863	-0.0927016906797103	0.017241756644252	-5.37658039099019	7.59138122349087e-08
rs1658739	0.0899519242185502	0.0176493662116824	5.09660931388061	3.45790924921679e-07
rs7679753	0.0897457322128164	0.0165360267367221	5.4272851418119	5.72176805954414e-08
rs11737481	-0.0914326238190932	0.0163161798096174	-5.60380094396845	2.09701524452358e-08
rs4690909	0.0823631063969492	0.0162173885318987	5.0786910750116	3.80044089061545e-07
rs8396	-0.094136174864949	0.0163400895381468	-5.76105624422577	8.35891774714631e-09
rs7689418	0.0918278734318794	0.0163222288791145	5.62593957675598	1.84500925470723e-08
rs12505475	0.0918374150294212	0.0163234246044904	5.62611199883618	1.84316698841685e-08
rs2070630	-0.0918013107277497	0.0163093396590013	-5.62875705866384	1.81512838292885e-08
rs6828666	-0.099765799353298	0.0188741361453259	-5.28584718183274	1.25124318729175e-07
