SNP	beta	se	Z	P
rs9872431	0.140534428058481	0.0284175255621018	4.94534359620319	7.60096767855134e-07
rs674240	-0.296368809887357	0.0260771874485205	-11.3650603797831	6.24212900605901e-30
rs2001133	0.296381460106158	0.026153028224804	11.3325867107452	9.04921365234419e-30
rs4767920	0.300691774131468	0.0447535052903726	6.71884296393097	1.83173181259451e-11
rs10744753	-0.340827038651621	0.0443940561764492	-7.67731241535951	1.62460888104483e-14
rs715120	-0.237342715031365	0.0302646751849492	-7.84223566190449	4.42594732604225e-15
rs4766974	-0.271648746253942	0.0293092384743167	-9.268365893982	1.89019492112794e-20
rs4766975	-0.247245652034178	0.0281823399213467	-8.77307039529753	1.73859270080354e-18
rs4767921	0.251710948731087	0.0293811965629508	8.56707616355184	1.0614568965858e-17
rs12370780	0.276409891960939	0.0278072617064622	9.94020536357606	2.78252901712971e-23
rs2859263	0.255549175989531	0.0263035368151092	9.71539218416965	2.5924907136766e-22
rs2686552	-0.234315271012523	0.0268158686454513	-8.73793327788654	2.37413647286613e-18
rs1168067	-0.273563612759326	0.0262430930176512	-10.4242138141006	1.92242581542509e-25
rs1168070	0.280299936085299	0.0262435104370812	10.6807333095669	1.25278103566825e-26
rs7965649	-0.221370807443981	0.0368008681125551	-6.01536916919786	1.7947720631778e-09
rs526007	-0.241178073976992	0.0271927372765031	-8.86920913936058	7.36672083844314e-19
rs513175	-0.237543116117865	0.0267270348814006	-8.88774670186749	6.23606458896459e-19
rs503667	-0.190297474729629	0.0304645690442046	-6.24651786321036	4.19704039701879e-10
rs522632	0.286039554169596	0.0264981973495159	10.794679743557	3.64731874209188e-27
rs7956304	-0.256973217949908	0.0315962110287171	-8.13303904434462	4.18659709859823e-16
rs473121	0.297534835851164	0.0255729668337402	11.6347406143978	2.74423085107991e-31
rs555379	0.290239984491625	0.0264398795222577	10.977356543826	4.91084077920976e-28
rs1151874	0.203634058548768	0.030415681781614	6.69503514702943	2.15619802240246e-11
rs1151873	0.167913220154611	0.0289916602476567	5.79177662542396	6.96457315759148e-09
rs1151872	-0.167646452873497	0.0289657527304464	-5.78774715208008	7.13366817752673e-09
rs2686556	-0.206821551883394	0.0300585233649709	-6.88062914375948	5.95887963740064e-12
rs541619	0.391585736974145	0.0318276453699744	12.3033209784208	8.69252606728512e-35
rs529584	-0.242352968708208	0.0388388746371282	-6.23995857172775	4.37686798189157e-10
rs10774565	-0.524901687356629	0.0385320046328288	-13.6224858363434	2.94374497408868e-42
rs12310160	-0.525428431221429	0.0385015556820218	-13.6469402836825	2.10534310942033e-42
rs11065202	-0.467046887548452	0.0248302779403167	-18.8095714704068	6.3045331735936e-79
rs3829290	-0.42439528993982	0.0248827135380567	-17.0558283079026	3.1635649400871e-65
rs10431384	0.584248996152944	0.0237921946869312	24.5563305042164	3.70143616975095e-133
rs2005455	0.456219530981655	0.0246762270879159	18.48822064071	2.56892161972822e-76
rs10431385	-0.452534501043176	0.0246285210828538	-18.3744082529676	2.10591943240413e-75
rs10431386	0.535558232339744	0.0259521201591599	20.636396142406	1.29355421963495e-94
rs7306541	0.695928476040262	0.0248977287131822	27.951484412785	6.32403860345809e-172
rs7964786	0.503264523070722	0.0247007922120579	20.374428429265	2.81988207788974e-92
rs504403	-0.285429379542051	0.0270223154127459	-10.5627284406361	4.43577783342542e-26
rs7976497	-0.407154332532819	0.0247591592049649	-16.4445944695559	9.16960818445577e-61
rs10849778	0.227478276309772	0.0390735685504242	5.82179423965878	5.82191980200749e-09
rs17847	0.421156570000006	0.0261530504535707	16.103535254814	2.40936123671183e-58
rs556001	0.410666083500928	0.0247345237719716	16.6029508911056	6.63473989473193e-62
rs696337	-0.411139477990123	0.0247066964192783	-16.6408115036099	3.52804291177676e-62
rs2066938	0.712836635641998	0.0244343553766197	29.1735396598219	4.20165816388918e-187
rs2239760	-0.449072836285713	0.0248925602905225	-18.0404438532862	9.37876190512388e-73
rs3999408	0.68809115455468	0.0248553688157706	27.6838038354953	1.09401973348368e-168
rs3794215	-0.412949705471976	0.0245804118599081	-16.7999506202546	2.44247258690901e-63
rs3794214	-0.410409120060949	0.0245774720617123	-16.6985896283573	1.34199553552029e-62
rs558314	0.301207058028496	0.025812461607867	11.6690559236201	1.83447652612158e-31
rs3914	-0.400632619246306	0.0247621326136827	-16.1792453621272	7.06551040497269e-59
rs2014355	-0.645444466583511	0.025491049266242	-25.3204354140996	1.9027809280086e-141
rs695950	0.259413194934403	0.0438923954716065	5.91020818406264	3.41675635509894e-09
rs3916	-0.686593649075726	0.0248438281721147	-27.6363869657726	4.06788699971862e-168
rs9204	0.539131032581817	0.0246431211163691	21.8775466807125	4.25104471904463e-106
rs12825376	0.68149312431135	0.0415658913981967	16.395489219339	2.05975802950579e-60
rs649622	-0.287632558237797	0.0437944925193172	-6.56777922728356	5.10711840207901e-11
rs509152	-0.291163726909604	0.0265614403091037	-10.9618952707851	5.8266166694786e-28
rs494632	0.388061453721525	0.0253033837626516	15.3363462120949	4.37115842853855e-53
rs4638383	0.229326416786306	0.0392381636802233	5.84447372856775	5.08172228867925e-09
rs610578	0.243716148535252	0.0283030027412554	8.61096438294172	7.24484981054523e-18
rs482522	0.242936820769237	0.0283388741271286	8.57256430440455	1.0120580895744e-17
rs7133413	0.297401765581048	0.0501546584428004	5.92969376753357	3.03500170038542e-09
rs525425	0.387047113328809	0.0252782206134276	15.3114856954454	6.40832118389958e-53
rs558275	0.31661212836872	0.0268340408931075	11.7988986314038	3.95453267949174e-32
rs516978	0.276944806863323	0.0278043784197962	9.96047466632605	2.26976418745357e-23
rs668622	-0.310281498443276	0.0262628037905645	-11.8144848858351	3.28556459321548e-32
rs508595	0.384621123983824	0.0260951211857053	14.7391966968337	3.6105382794207e-49
rs13746	0.356803395302039	0.0256028367611447	13.9360883573468	3.82327481598579e-44
rs6553	-0.317310127532592	0.0268502654743278	-11.8177649988593	3.15979302390942e-32
rs9431	0.354128814671676	0.0256571743319653	13.8023310786208	2.4674284360975e-43
rs12822898	0.608414918763573	0.0414701396844815	14.6711567260828	9.8648878732261e-49
rs497273	0.269817208027406	0.0276921461240399	9.74345602608147	1.9674682803477e-22
rs3213572	-0.37720742210019	0.0249747800351176	-15.1035333071919	1.53483642693034e-51
rs11065259	0.24647104916513	0.0352153980345933	6.99895678938552	2.57875371704642e-12
rs586305	-0.201569576899414	0.0300870741217308	-6.69954067596846	2.09075666901369e-11
rs551087	-0.203284662595766	0.0315784019544992	-6.43745883305544	1.21490258569175e-10
rs10849786	-0.243123128747651	0.0354242449556249	-6.86318449559632	6.73421605568139e-12
rs633084	0.220357619452394	0.0303422718835215	7.26239684023357	3.80290530422031e-13
rs514108	0.283043771095565	0.0368091269953992	7.6894997029118	1.47711478429506e-14
rs487912	0.285613240015816	0.0276307858564263	10.3367758521204	4.8042980284345e-25
rs4767935	-0.489436537717447	0.0246231815790082	-19.8770632522445	6.42883536210384e-88
rs12824150	-0.489461645775981	0.0246218970462922	-19.8791199904594	6.1706637871018e-88
rs2393717	-0.331037019219857	0.0266713563752304	-12.4117054476948	2.25791442321562e-35
rs7137504	0.386431928237452	0.0251514553996222	15.3641975025929	2.84540063534881e-53
rs3213570	0.386419589396212	0.0251497186019235	15.3647679130159	2.82046848406724e-53
rs3213566	-0.341948789458615	0.0256207964135184	-13.3465324004601	1.24092244912557e-40
rs4767937	-0.386036073230332	0.0251481574842447	-15.3504714399925	3.51621795868479e-53
rs3901854	0.386406257675692	0.0251477597702056	15.3654345836998	2.79160446913533e-53
rs683437	-0.226997736251632	0.0301369076806364	-7.53221726187533	4.98858618305184e-14
rs584001	0.323355143338078	0.0265667040271512	12.171443736777	4.4120880773247e-34
rs662739	-0.287709589999324	0.0275014487948843	-10.4616157550522	1.29626084583427e-25
rs532140	-0.225446584560865	0.0299200983205106	-7.53495466979526	4.88504493522967e-14
rs10849791	-0.388088545559833	0.0251033215196357	-15.4596492442752	6.49512397678342e-54
rs550349	0.215737096861954	0.0303414482594388	7.11030979857204	1.15782763682917e-12
rs1039302	-0.252380419147735	0.035902976935152	-7.02951233274012	2.07256634697125e-12
rs909053	-0.388010293162969	0.025088210373331	-15.4658418192885	5.89969305405077e-54
rs10774568	-0.244359010306478	0.036078751094008	-6.77293428671541	1.26196281559367e-11
rs11065270	0.270775976571308	0.0493961344151845	5.48172402106167	4.21200930525376e-08
rs2047568	-0.380047899552181	0.025568372265507	-14.8639849109551	5.6464236648865e-50
rs6489782	0.244632072298867	0.0359562690415794	6.80360000688551	1.02036598682942e-11
rs674021	-0.231484221997325	0.0302645504317906	-7.64869190834465	2.03034037098679e-14
rs3883901	-0.385071118574381	0.024749271989276	-15.5588866913433	1.3848683727985e-54
rs11829904	0.280509311336577	0.0502403179744251	5.58335063642254	2.35928405562484e-08
rs662284	0.22991793870477	0.0298619495099209	7.69936131023145	1.36748001657641e-14
rs2062507	0.49027736690325	0.0244833756269889	20.0249089166773	3.34122662923494e-89
rs7135147	0.242881663918103	0.0360666163473591	6.73425146342811	1.6477599359381e-11
rs4767938	0.285202136477404	0.0283543422141753	10.0584994821295	8.42729670557197e-24
rs11065282	0.389132046592188	0.0249547937558148	15.5934787680429	8.06210582879913e-55
rs11065283	-0.347693207428772	0.0248832857492586	-13.9729620489984	2.27945533382827e-44
rs11611087	0.386843562518497	0.0249485550934959	15.505649969258	3.17685528081772e-54
rs694303	-0.281839131961285	0.027434807011562	-10.2730495549872	9.32107176592262e-25
rs11065286	-0.356491796408858	0.0263182798138453	-13.5454064220914	8.43457727790647e-42
rs532703	-0.323341841648684	0.0264391188306576	-12.2296754184466	2.1579919999398e-34
rs531782	0.357576792759556	0.0253086116819877	14.128660917977	2.5290770674874e-45
rs625228	0.316413992427584	0.0257730192341489	12.2769470488866	1.20458612854721e-34
rs594507	-0.323333568480474	0.026442019031622	-12.2280211694046	2.20238583471639e-34
rs661647	-0.356494571881945	0.0251292156467319	-14.1864583795041	1.11131137426698e-45
rs471688	-0.356474676324754	0.0251298588151403	-14.1853035843554	1.12975764661655e-45
rs589699	-0.195966588049798	0.0273235670236978	-7.17207192896287	7.38711090754444e-13
rs11065292	-0.384991463045482	0.0247228074013977	-15.5723197934114	1.12260821597512e-54
rs683091	0.285132883393919	0.02739717079653	10.4073842336316	2.29439372443616e-25
rs12580949	0.384998626318197	0.0247114354317766	15.5797759050097	9.9904362512012e-55
rs11065300	-0.384656722225362	0.02471037961233	-15.5666051376008	1.22751639408295e-54
rs12822123	0.384971231882751	0.0247104928538537	15.5792615776465	1.0071140723924e-54
rs520753	0.35653942014853	0.0251140577380168	14.1968065801176	9.58832162573789e-46
rs688402	0.279265827964602	0.0273423437932058	10.2136755384517	1.72214894530713e-24
rs11065301	0.487037917561278	0.0252612012255303	19.2800775075198	7.89581110430225e-83
rs610694	0.356868867884431	0.0251142019637346	14.2098430362134	7.96037314931501e-46
rs10774572	0.38507858504509	0.0246983779938553	15.5912499655198	8.348391470372e-55
rs491602	0.319321029730991	0.0278721007073785	11.4566545623329	2.17764711214931e-30
rs10849807	-0.384037327716718	0.0246824133933193	-15.5591481917511	1.37922222759827e-54
rs4454799	0.381733782472089	0.0245383808296539	15.5566002957609	1.43522556546126e-54
rs1168956	-0.28541197800668	0.0274481313741591	-10.3982298144849	2.52581738711313e-25
rs1168954	0.284246493342439	0.0275453854523784	10.3192055102608	5.76986108236813e-25
rs11065311	-0.384138572730858	0.0248153060340852	-15.4799047089415	4.74174674944687e-54
rs3897746	0.383092824137396	0.024676119184021	15.5248408909237	2.35587711087916e-54
rs1177585	-0.355835864715961	0.0251016027731934	-14.1758224736138	1.29319090634754e-45
rs1168945	-0.285383108187049	0.0274494016096889	-10.3966968841432	2.56676958857782e-25
rs3809313	-0.400627946662066	0.0251820468488278	-15.9092685780114	5.46481947504631e-57
rs1151862	0.355903176623562	0.0251015450287184	14.1785366684153	1.24413874445053e-45
rs1542859	0.382262455281414	0.0247282127104376	15.4585557701897	6.60631506347995e-54
rs1151851	-0.323104671992149	0.0264614576600672	-12.210388261405	2.73580490907447e-34
rs869781	-0.381562380035364	0.0247366008816507	-15.4250125900848	1.11133485039587e-53
rs1151849	0.355308668374094	0.0250940728049868	14.159067407483	1.64158191052605e-45
rs1105416	0.285193020995957	0.0274186040752819	10.4014420359591	2.44209125404068e-25
rs1696363	-0.284484954300297	0.0274161847107532	-10.3765333251755	3.17080703621735e-25
rs11065324	-0.386034753495551	0.0249350093089003	-15.4816366303806	4.61579049200944e-54
rs1718211	0.284831620443915	0.0276196689685693	10.3126370112563	6.17823984841569e-25
rs1696357	-0.381991503293803	0.0255528461150501	-14.949078532149	1.57919207137481e-50
rs2650006	-0.269635222350616	0.028864468210783	-9.3414235239535	9.50474963381046e-21
rs2649998	-0.279511094394082	0.0279624984700824	-9.99592703395716	1.58794407283772e-23
rs2454729	0.278940830432457	0.0279302707450696	9.98704355494644	1.73684703000131e-23
rs11065329	-0.269558225123906	0.0492878349747645	-5.46906199596554	4.52423491721497e-08
rs4767941	-0.163809060222279	0.0279802025033995	-5.85446299762759	4.78553738276317e-09
rs2649996	0.286779563681766	0.0308991431982733	9.28114937820644	1.67660054276642e-20
rs6489785	-0.27775195879255	0.0268756066905058	-10.3347233047085	4.90826533989887e-25
rs10774577	-0.306334669807586	0.0277141551392562	-11.0533649057074	2.11149180565838e-28
rs12299217	0.265156019608134	0.0328197770804871	8.07915358345872	6.52178479130262e-16
rs868795	0.288421277761158	0.0333862853294832	8.63891489918033	5.67494262760738e-18
rs1186380	0.184937437904855	0.0317018699005237	5.83364446593102	5.42296111191845e-09
rs10849822	-0.288178088220045	0.033909296130544	-8.49849808473219	1.92059418986541e-17
rs2649999	0.177054819678545	0.0298369670494529	5.93407565135852	2.95505561609626e-09
rs7962595	-0.43365864841681	0.0371150011509199	-11.68418792858	1.53539993740981e-31
rs11065360	-0.291902819973626	0.0267945754254172	-10.8941013372703	1.22974559197392e-27
rs11065363	0.426907030188948	0.0370802226830089	11.5130654375646	1.13375373254936e-30
rs2650000	-0.173844394594534	0.0275808882300618	-6.30307454728931	2.91798453249994e-10
rs959398	-0.276966073653774	0.0508461519201168	-5.44713932509403	5.11863684861404e-08
rs7961554	-0.254794216652031	0.0286355871805502	-8.89781707794322	5.69557871183141e-19
rs7303401	0.244975014544439	0.0433063428512656	5.65679294106636	1.54227637433523e-08
rs2251468	0.170592181888587	0.0277290087335088	6.15211973598021	7.64541201775352e-10
rs7961178	0.222042186362378	0.0442409571055493	5.01892818079485	5.19605695309549e-07
rs12815613	-0.243091706830161	0.0286111986798022	-8.49638316627988	1.95589606780321e-17
rs2254779	-0.264587680716823	0.0435218849425594	-6.0794168512239	1.20620410147659e-09
rs1169288	0.218135473944157	0.0291724074794425	7.47745876297233	7.57735328896933e-14
rs2244608	0.217988381940167	0.029179166948103	7.47068558632512	7.97780675895453e-14
rs1183910	-0.204559765591176	0.0288621002937248	-7.08748717208398	1.36568957341927e-12
rs11065385	-0.244451157083787	0.0292103176763321	-8.36865794451306	5.82781508754131e-17
rs1169300	-0.161946522032927	0.0294987287966384	-5.48994918219601	4.02049400910614e-08
rs2071190	0.296279948186715	0.0308517739716111	9.60333588789231	7.73980306874294e-22
rs2259820	0.157462372273939	0.0293080158425788	5.37267255210012	7.75781321870365e-08
rs2464196	-0.152023776064266	0.0296887183452264	-5.12059073404592	3.04580024343803e-07
rs11065388	0.267001551030038	0.0387165071654376	6.89632331473309	5.33656649070722e-12
rs3999413	-0.407270372237756	0.0336443520387741	-12.1051632014904	9.91719429848873e-34
rs1169307	0.153475989254036	0.0277610327032825	5.52846829923185	3.2303878297007e-08
rs3751151	0.252952261711103	0.0275555565251735	9.17971885198609	4.32218410409228e-20
rs3751150	0.270781717587469	0.0382462797085168	7.0799492042404	1.44207310654321e-12
rs2257764	0.145372667170985	0.0289171648131221	5.02721024382783	4.97666639964546e-07
rs11065393	0.386693438072291	0.0364461185128693	10.6100033103867	2.67739585925097e-26
rs2258227	0.408297983092343	0.0333814663395834	12.2312776478662	2.11584195987981e-34
rs1182933	0.148714915553833	0.0289036985382366	5.14518636281437	2.67255361905631e-07
rs1169280	-0.407908535608754	0.0333819631069167	-12.2194292259653	2.44797360237156e-34
rs12819210	0.409085872090167	0.0335716542794203	12.1854546899984	3.71575142806063e-34
rs2708081	0.330506659664999	0.0255610854190623	12.9300714052825	3.04535892112187e-38
rs12811390	0.403208694764624	0.034115655912939	11.8188756444721	3.11829969699103e-32
rs3213545	-0.150929233340586	0.0299501269335663	-5.03935204265974	4.67110578130716e-07
rs12368199	-0.382223718975399	0.0373591319836169	-10.2310653026686	1.43927316601998e-24
rs4556628	0.224828341230829	0.0292073433442034	7.69766488452122	1.38575217484313e-14
rs2859394	-0.449348877502356	0.0359313810633611	-12.5057502440548	6.94411032396426e-36
rs1796419	-0.444432381060507	0.0356965123713543	-12.4503026076339	1.39315943889153e-35
rs2708104	0.158185914242603	0.0278581825759089	5.6782567854731	1.36074336293132e-08
rs2708100	0.257570645250008	0.0311899262811386	8.25813574961117	1.47965219376627e-16
rs2258844	0.260618072464398	0.0318118382483371	8.19248703674082	2.55882795472602e-16
rs16950760	0.382241055354518	0.0472908740743342	8.08276570980042	6.33141902632942e-16
rs208294	0.146215131286171	0.0286470461782147	5.10402120960602	3.32510982406655e-07
