SNP	beta	se	Z	P
rs13120165	-0.187601770679801	0.0363011779441049	-5.16792515572532	2.36707057115171e-07
rs6833931	-0.189093991261499	0.0381167583296358	-4.9609148193087	7.01619563758079e-07
rs263897	-0.11786734284005	0.0234281741786359	-5.03100847472498	4.87906578104944e-07
rs7714184	0.11736873316064	0.022608882547949	5.19126643750411	2.08868481463359e-07
rs7720234	-0.145606942825424	0.028141608008497	-5.17408041436223	2.29036174244929e-07
rs7728567	-0.156800956210937	0.0264260648225968	-5.93357192088839	2.96414065104005e-09
rs17430480	-0.148328308498074	0.0280981204572661	-5.27894058692161	1.29932922864158e-07
rs16894832	0.100157502476332	0.0187228997084076	5.34946530912386	8.82144677925116e-08
rs11754678	-0.101535021015844	0.0187938878818089	-5.40255542942356	6.56981461981003e-08
rs735752	-0.100459231496482	0.0188395412281785	-5.33236081918091	9.694406766644e-08
rs1241347	0.0914981563369666	0.0176509325351258	5.18375763744396	2.17459481765422e-07
