SNP	beta	se	Z	P
rs7679753	0.114706274372939	0.0199377258980161	5.75322757267682	8.75554936156792e-09
rs11737481	-0.127262590631431	0.0196222388678331	-6.48563048735757	8.83614859623202e-11
rs4690909	0.123005548869186	0.0194565463579328	6.32206490331384	2.58090926320516e-10
rs8396	-0.130287075191133	0.0196303203893091	-6.63703253983002	3.20061012877301e-11
rs7689418	0.127331171860981	0.0196312643634108	6.48614218136169	8.80620678518472e-11
rs12505475	0.127352085608183	0.0196326105039478	6.48676270445923	8.77002990552862e-11
rs2070630	-0.12721678384805	0.0196162916080307	-6.48526165852719	8.85779235000847e-11
rs6833533	-0.122884720013968	0.0222128008853529	-5.53215781513613	3.16315106618132e-08
rs6828666	-0.142342148808318	0.022587435516874	-6.30182867382093	2.9415421868899e-10
rs2053345	0.13550256638992	0.0232803114883821	5.82047909700614	5.86791817101002e-09
rs7146060	-0.110391225807546	0.0200915918061199	-5.49439919309534	3.92042787120871e-08
rs12887491	-0.110122654114666	0.0201023004847363	-5.47811202992823	4.29887937659482e-08
rs5015993	0.112539806557842	0.0212425270260815	5.29785398976618	1.17171599509883e-07
rs7157351	-0.116214101592958	0.0209271520894526	-5.553268839267	2.80376359819233e-08
rs2415728	0.112828599772044	0.0207157755973128	5.44650617796226	5.13688198196356e-08
rs11620983	-0.11385749658313	0.0207536921835793	-5.48613208560623	4.1082975780028e-08
rs763913	0.114564280364346	0.0208178220331194	5.50318281048245	3.72995296488558e-08
rs7144172	-0.114324302349045	0.0207706051737934	-5.5041392098334	3.70976334655565e-08
rs12431929	-0.119430959445686	0.0237743880360577	-5.02351350808902	5.07346546262101e-07
rs12432674	-0.119428318829268	0.0237744673118431	-5.02338568779521	5.07684470463162e-07
rs716162	-0.114322492452405	0.0207705626952218	-5.50406332894893	3.71136131568471e-08
rs17112904	0.112765529960809	0.0207546792753913	5.43325813251733	5.53342699924967e-08
rs1032092	-0.119433241702553	0.0237748300795723	-5.02351610096981	5.07339693592904e-07
rs7157750	-0.114320473727441	0.0207705674819818	-5.50396486887578	3.71343577311659e-08
rs7157090	-0.119430519971983	0.0237747007601756	-5.02342894561423	5.07570083550122e-07
rs7147802	-0.119427163185963	0.0237763861195639	-5.02293168463038	5.08886494351862e-07
rs12886160	0.114603045586042	0.0208208639366383	5.50424064701636	3.70762823165973e-08
rs7145215	0.119752263468006	0.0238454619820046	5.02201482019428	5.11322368332595e-07
rs12432940	0.114194811078383	0.0207515421756532	5.50295540021897	3.73476926056156e-08
rs11157285	0.107416494232265	0.0198478758431032	5.41198942805714	6.23283697648601e-08
rs12434791	-0.114431763500349	0.0207788738038636	-5.50712057739491	3.64750440945449e-08
rs972266	0.11798240071045	0.0235443271669471	5.01107548641613	5.412667571943e-07
rs1483913	-0.12171143665406	0.0231099817848463	-5.26661759352266	1.38960247216596e-07
rs2813721	0.12810358509321	0.0233680970434471	5.48198618205981	4.20577089532988e-08
rs8004216	0.121816212724162	0.0230548217753966	5.28376293301737	1.26557003780636e-07
rs8008810	-0.117591891784674	0.0228277834094741	-5.15126193706002	2.58739513098902e-07
rs1909460	0.118214882644666	0.0228567007167909	5.17200116103476	2.31600145177404e-07
rs12437117	-0.119890671249861	0.023583954258437	-5.08356952935366	3.70406898041845e-07
rs17113121	0.11826337724967	0.0228525141566381	5.17507073572111	2.27824651198515e-07
rs11629063	0.118264139790759	0.0228525255406673	5.17510152566294	2.27787083332833e-07
rs8022213	0.118277402580922	0.0228515952378982	5.17589259522527	2.2682392205467e-07
rs1499376	0.121605210644181	0.0226740760407188	5.36318262432385	8.17682601836782e-08
rs2062470	0.14395634705477	0.0262622627324864	5.48149062863105	4.21757068389588e-08
rs11157295	-0.119238495169867	0.0225692828211479	-5.28322038918039	1.26932536783062e-07
rs1392027	0.119441547531343	0.0226758079315835	5.26735576045258	1.38402829178317e-07
rs7141480	0.11927541179392	0.0226766444509778	5.25983515999332	1.44184597293386e-07
rs11623077	0.116753545271918	0.0229831564198552	5.0799613046646	3.77511755296261e-07
rs8023036	-0.117450492797628	0.0226915622138702	-5.17595446671522	2.26748756994205e-07
rs1123660	0.117895717550326	0.0227445440414518	5.18347245543641	2.17792405825965e-07
rs7148706	-0.120730083283132	0.0229036491529762	-5.2712160615438	1.35522818500679e-07
rs1499388	-0.120593768112735	0.0230240690155648	-5.23772613916381	1.62567047674881e-07
rs7161352	0.124370972472094	0.0232597285712251	5.3470517547636	8.93984597482576e-08
rs11157297	0.120618410201902	0.0230691442313062	5.22856023580689	1.70835176316298e-07
rs7158483	-0.119791530801101	0.0232323302791981	-5.15624258787165	2.51954440441207e-07
