SNP	beta	se	Z	P
rs2529658	0.193799497643681	0.0390159847265141	4.96718201532359	6.79328216234156e-07
rs7093840	-0.170049869959335	0.0331967599842178	-5.12248394241423	3.01536781843111e-07
rs7093643	0.170107671499524	0.033183132610204	5.12632949690875	2.95445366496199e-07
rs7068278	0.199993045065221	0.0316617458054242	6.3165514085758	2.67464502521367e-10
rs11817730	0.190183775949283	0.031370509913805	6.06250189977275	1.34020224792241e-09
rs7078003	0.179059019857686	0.0335838536351404	5.33169962574896	9.72977831922675e-08
rs7302925	0.253639882676234	0.0311112591071463	8.15267173220812	3.55970921819435e-16
rs2657880	0.231944029953065	0.0333590471643342	6.9529572835356	3.57707029596788e-12
rs1043011	-0.259151679498494	0.0306958033200697	-8.44257688245786	3.10417118437074e-17
rs2638315	0.243731034746746	0.0307444484195511	7.92764376256468	2.23342894938536e-15
rs2657879	-0.265073476690871	0.0305688320299599	-8.67136423240109	4.26973516441347e-18
rs2694917	0.257597165196838	0.0316323825105208	8.14346390478689	3.84127059820692e-16
rs774211	0.274722400815742	0.0344513172798908	7.97422050901077	1.53345541479013e-15
rs813497	0.209664949443026	0.0331589604968674	6.32302539950953	2.56491120708911e-10
rs2657896	-0.275853028334225	0.0347535161170449	-7.93741350961991	2.0644090257732e-15
rs3759091	0.177987902258924	0.034001067924106	5.2347738799326	1.65186964147156e-07
rs7304944	-0.254171713668165	0.0419454888730717	-6.05957208979722	1.36484148328113e-09
rs4608374	-0.122950552418664	0.0245643494700805	-5.00524357742174	5.57914369039137e-07
