SNP	beta	se	Z	P
rs7422339	-0.450036890299946	0.031658160640964	-14.2155097197157	7.34149341930279e-46
rs715	-0.426352831766594	0.0307184615559584	-13.8793679816916	8.44856094363921e-44
rs7684	0.254391414250292	0.0302474176222078	8.41035150265246	4.08783805411822e-17
rs13388400	0.185618488247639	0.0323301028098621	5.74135162326232	9.39238343914459e-09
rs12623361	-0.162547257077916	0.0324124046629471	-5.0149706190647	5.30415704140145e-07
rs4142152	-0.16067597079091	0.03242267065973	-4.95566736241979	7.20824446393972e-07
rs4142151	0.159564682404063	0.031584490573244	5.0519948084657	4.37219587635008e-07
rs13386028	0.200618867907722	0.0289441808156903	6.93123323079052	4.17187573053294e-12
rs17775871	0.245196170099319	0.0409725772190878	5.98439704654677	2.17192915297704e-09
rs11887861	0.211169505601805	0.0296454397390039	7.12316995331911	1.05472629750893e-12
rs2371015	-0.210519258197466	0.0293929276727769	-7.16224190189955	7.93682054266382e-13
rs9288420	0.165126371321359	0.0321821605019634	5.13099085784762	2.88220910343119e-07
rs2887915	-0.17186530957099	0.030139954680825	-5.70224180464116	1.18241932644555e-08
rs10490320	0.201832936267584	0.0300935026340202	6.70686090356977	1.98855645565987e-11
rs13402741	-0.166732600977736	0.0320602071920612	-5.20060896608998	1.98636621346215e-07
rs17776067	0.27087770221403	0.0444802900961907	6.08983668110628	1.13025930544489e-09
rs12470865	0.164417411688403	0.0320696912365056	5.12687853699205	2.94585431672595e-07
rs2371019	0.163988539907509	0.0319961282620031	5.1252619868465	2.97124299212689e-07
rs2371022	0.166412429664963	0.0319984666695829	5.20063762377562	1.98605993808016e-07
rs2371023	0.166427036362488	0.0319999612557555	5.20085118329807	1.98377898475453e-07
rs7424145	-0.340157692011172	0.0344688387066188	-9.86855678273413	5.69784851430359e-23
rs2371025	0.166434264635814	0.0320022294567156	5.20070843379594	1.9853033606749e-07
rs13427306	0.197365483820666	0.0316169663261308	6.2423915623286	4.309305216066e-10
rs13016820	0.166456969566905	0.0320045025213665	5.20104849171696	1.98167385409119e-07
rs16844814	0.166540981723556	0.0320097693211616	5.20281730407398	1.96289816132868e-07
rs13401591	-0.163894715153211	0.0321120553586111	-5.10383758756386	3.32833949717715e-07
rs13415037	0.16658629214454	0.0320136685534226	5.20359895232094	1.95465596298433e-07
rs10445807	0.166628544151012	0.0320163232963886	5.20448718013188	1.94533052425544e-07
rs4467202	-0.166974770349772	0.0320797770198153	-5.20498537900168	1.94011881041661e-07
rs12473077	0.204528481947682	0.0290321282428511	7.04490143598224	1.85592833239714e-12
rs4673545	0.222034518107686	0.0313198472702954	7.08925928633982	1.34831701225016e-12
rs4673546	0.312285410984478	0.0340051496239197	9.18347410431074	4.17402925724351e-20
rs10932350	-0.204249921535884	0.0290423448921366	-7.03283162204945	2.02383546245656e-12
rs2371027	-0.218577203888387	0.0301248847193998	-7.25570258357295	3.99582228818143e-13
rs4560045	-0.311880023684828	0.0339304119644299	-9.1917547011153	3.86484585300688e-20
rs13422990	0.171008662621163	0.0314128900323443	5.44390097329737	5.21262056709637e-08
rs10167685	-0.192525482977129	0.0286655836454729	-6.71625895911364	1.86449324349689e-11
rs2371028	0.177549871464669	0.0317400555399334	5.59387400067043	2.22058132499427e-08
rs4517917	0.203904096658129	0.0290142247135689	7.02772859420126	2.09922716064485e-12
rs12613336	-0.311829727337944	0.0339293896958926	-9.19054925929578	3.90840520207995e-20
rs2371030	-0.237798154988308	0.0303837864321573	-7.82648191394044	5.01711447553228e-15
rs7586579	-0.177727774781507	0.031806523332007	-5.58777747968007	2.29994083584524e-08
rs2887916	-0.204937829215423	0.0315817116684895	-6.48912989158529	8.63335118509052e-11
rs13000743	-0.218906430170175	0.0301505598899844	-7.26044328758528	3.85823789032523e-13
rs4673548	-0.20462571426107	0.0290683014447187	-7.03947957365936	1.92959166011158e-12
rs13006513	-0.178098573871313	0.0318304279979931	-5.59523025837234	2.20329156936976e-08
rs16844825	0.312308600695419	0.0340128883831193	9.18206643251205	4.22896804516527e-20
rs2216403	0.20452648681624	0.0290471472805212	7.0411901327534	1.90604701209104e-12
rs2193618	-0.213096206133106	0.0306246293925504	-6.95832767154864	3.44335595713388e-12
rs2193617	-0.311947617585052	0.0339423657409185	-9.19050899298367	3.90986859493986e-20
rs2193616	-0.204773939116121	0.0290732129179075	-7.04338869234475	1.8761988913869e-12
rs10184528	0.20452981887269	0.0290474055172524	7.04124224627264	1.90533414752242e-12
rs4672590	-0.204782973607443	0.0290736111147296	-7.04360297038208	1.87331444719866e-12
rs10211079	0.204536280812647	0.0290476536292374	7.04140456311331	1.90311547928093e-12
rs10211086	0.204538173704205	0.0290476864169232	7.04146178006939	1.90233399932268e-12
rs2111713	-0.204842398890387	0.029075550297952	-7.045177023006	1.8522587083399e-12
rs2371034	-0.222616058655338	0.0301955292353956	-7.37248408265633	1.67477596232461e-13
rs3815630	-0.35074180339946	0.0347232798747176	-10.1010562557726	5.46503491547579e-24
rs10490322	0.351234601193486	0.0348013404691902	10.092559552539	5.95949568721954e-24
rs10490323	-0.350775172417949	0.0347234191831945	-10.1019767254867	5.41397163993799e-24
rs12473296	0.207726045358442	0.0290660339803691	7.14669381790228	8.8892847645516e-13
rs12998879	-0.207971629357891	0.0290921869117426	-7.14871075140612	8.75966857933553e-13
rs16844862	0.351300244294764	0.0348014204313453	10.0944225821987	5.84741842030282e-24
rs1024898	0.222424111326074	0.0301538182649841	7.37631663663512	1.62728741320965e-13
rs1024896	-0.195389988752138	0.030324001240571	-6.44341052495153	1.16818150704919e-10
rs11680929	-0.350971745072503	0.0347271565357692	-10.1065500341498	5.16718930966039e-24
rs10490324	0.35150342005494	0.0348053399180458	10.0991233208067	5.57382272617675e-24
rs10932355	0.351799787458147	0.0348173561883248	10.1041499404862	5.29527938491186e-24
rs2160847	-0.357249324563629	0.0368208386116094	-9.70236795342813	2.9458110819225e-22
rs7421152	0.371512093928825	0.0354680589698993	10.474553858279	1.13069481156959e-25
rs16844874	-0.370945673134263	0.035385750914356	-10.4829108765294	1.03507899514826e-25
rs6711167	-0.245484509994692	0.0403464794503199	-6.08440967685832	1.16921292543094e-09
rs4513233	-0.37094278032387	0.0353836236007342	-10.4834593683665	1.02909152306752e-25
rs13000755	-0.211821432416665	0.0311238340623901	-6.80576281161418	1.00515200557589e-11
rs4673553	-0.332237650565974	0.028287351865574	-11.7450955517088	7.48378641435149e-32
rs10490325	0.372194645029489	0.03546820611939	10.493754428308	9.22868150676932e-26
rs10206976	0.373283585689323	0.0354660359017145	10.5251003163643	6.61909017586382e-26
rs2216405	0.383377963638393	0.0349682699646664	10.9635953973639	5.71815295575959e-28
rs2287413	0.248635512992152	0.0405732386840929	6.12806670248959	8.89532955835998e-10
rs10490327	-0.250208491704998	0.0403171259103549	-6.20601012734233	5.43466775834946e-10
rs957749	-0.173791344290156	0.0324875815183405	-5.34947004879524	8.82121577064385e-08
rs1558935	0.183215327613237	0.0315033772879056	5.81573606978244	6.03676516383278e-09
rs12997044	0.172088790878233	0.0318045120218065	5.4108294684805	6.27334904935925e-08
rs10172053	-0.359864683402628	0.0354419404979322	-10.1536393985996	3.19231758620203e-24
rs11687290	-0.188700622911222	0.0319336374533908	-5.90914903404421	3.43879488224991e-09
rs4672596	-0.206569323014771	0.0285703675400813	-7.23019480673377	4.82301691167464e-13
rs4673558	0.220639220697473	0.0325272236906446	6.78321712285984	1.17528797563015e-11
rs12998006	-0.216860701781989	0.0329680720748357	-6.57790062123521	4.77136940029996e-11
rs986294	-0.223190004273232	0.0333537748282217	-6.69159654110227	2.20748792439459e-11
rs16824978	-0.172757182186086	0.0349869700981053	-4.93775773385536	7.90259290043952e-07
rs4673559	0.223530983236819	0.0334798063982658	6.67659127349069	2.44563775724823e-11
rs12328639	-0.209039648369347	0.0414634781867285	-5.0415367333138	4.61808183762218e-07
rs12478788	-0.176278087163388	0.0308897387621073	-5.70668753533228	1.15195973237846e-08
rs12469291	-0.17268495578615	0.0316243483798892	-5.46050637033728	4.74778453060878e-08
rs12613630	-0.164885982005172	0.031803164799717	-5.18457779417723	2.16504761923828e-07
rs888426	0.184126662922587	0.0342678120461549	5.37316659361237	7.73657883853697e-08
rs4130275	0.195983515984261	0.0386243429641262	5.07409319988403	3.89348203593511e-07
rs17678015	-0.191263290679857	0.0324130973549429	-5.90080264731904	3.61737398706308e-09
rs6726552	-0.17931382053413	0.0290777707965101	-6.16669763954708	6.97309104104505e-10
rs13394054	0.166198182322166	0.0286241444852855	5.80622356792537	6.38976292529832e-09
rs6759308	0.152355511932125	0.0286447447494735	5.3187945385663	1.04457012863148e-07
rs6717111	-0.185249796123976	0.0317293530138254	-5.83843597577478	5.26931239338164e-09
rs12618979	0.188280644492466	0.0320601880461732	5.87272427165127	4.28691166368958e-09
rs4310999	-0.199163858618835	0.03277680029073	-6.07636672439813	1.2293608742004e-09
rs4630697	-0.18781187207537	0.032364821436847	-5.80296333294607	6.51530433643758e-09
rs4513234	0.1943924064269	0.030200428388526	6.43674334436776	1.22064072925041e-10
rs4338916	0.18444674603491	0.0309165618028186	5.96595272175752	2.43210704679156e-09
rs4603703	-0.1889065718531	0.0305698099284313	-6.17951411197387	6.42991867160993e-10
rs4337422	-0.188934743061253	0.0305694339024755	-6.18051167267291	6.38941716539582e-10
rs12616954	-0.186536149517189	0.0307235753950201	-6.07143365050618	1.26773338870737e-09
rs35704389	0.198070791817972	0.0308118133186695	6.42840425422015	1.28950433664131e-10
rs4461202	0.142865014313279	0.0286326276344129	4.98958796717536	6.05082155006577e-07
rs12465522	-0.206156593509557	0.0305589583778207	-6.74619177004352	1.51775990891486e-11
rs4455102	0.204780376466376	0.0306539924287995	6.6803819092088	2.38320357360115e-11
rs1437370	0.206173984023096	0.0299135701463258	6.89232288271083	5.48886122077085e-12
rs12996484	0.201547688661761	0.030550476302478	6.59720282807551	4.18987386515733e-11
rs1652314	-0.145880769144092	0.0287844692643544	-5.068037482447	4.01938268202014e-07
rs1657863	0.145952578193259	0.028772857023033	5.07257857905532	3.92460989689253e-07
rs319708	0.143528154024478	0.0291711197369204	4.92021407881789	8.64496034515101e-07
rs319707	-0.143565692652613	0.0291588583399868	-4.92357042853543	8.49792727756573e-07
rs319706	-0.143792869299174	0.0291498739710569	-4.93288133739264	8.10253833431023e-07
rs319705	0.143887072585782	0.0291576700933125	4.93479321651231	8.02357218219103e-07
rs1652312	0.144395879860889	0.0291284537063054	4.95721061326478	7.15124430554846e-07
rs319703	0.144403696969052	0.0291287276929289	4.95743234964933	7.1430902113914e-07
rs192926	-0.144381346262682	0.0291188493460945	-4.95834655231823	7.10956598941334e-07
rs1823213	-0.147123638986717	0.0293285902139412	-5.01638973825557	5.26514700763433e-07
rs4646701	-0.153295397117956	0.0288740061771652	-5.30911423158135	1.10159278436779e-07
rs4679208	0.160036531753688	0.0288736385631541	5.54265204240354	2.97924517788297e-08
rs13093423	-0.160445032098171	0.0288904806366638	-5.55356050029006	2.79908724198352e-08
rs13070447	0.160266965062168	0.0288631980139998	5.55264059735972	2.81386229964083e-08
rs7650684	0.160330252564569	0.028860391019943	5.55537353786296	2.7701871377258e-08
rs4518075	-0.160581991608633	0.0290927957934718	-5.51964798256572	3.39679434227188e-08
rs2364370	-0.160368957361537	0.0288738171751651	-5.55413080261077	2.78996513903324e-08
rs1348986	-0.149734236686093	0.0282932316887634	-5.29222813191606	1.20835024084708e-07
rs4521172	0.14199531636073	0.0280200280331421	5.06763648461657	4.02785682356746e-07
rs10934752	0.150198267172991	0.0282979659701547	5.30774075180534	1.10992352796372e-07
rs4679102	-0.161458405460745	0.028933211390754	-5.58038315485231	2.39989327313238e-08
rs4646700	0.148392850714564	0.0281152693194297	5.27801633441986	1.30589826960771e-07
rs13060596	0.150059915992634	0.0294439396105238	5.0964618857933	3.4606019696473e-07
rs9825571	0.151167968009117	0.0294020193829973	5.14141447361045	2.72677773657316e-07
rs9873704	-0.183781819064249	0.0286810898314942	-6.40776972367492	1.47663706027532e-10
rs9874508	-0.170868649213715	0.0289840702800794	-5.8952606574085	3.74090381661672e-09
rs1107366	0.171679951205814	0.0288917562011374	5.94217776207924	2.81260172002337e-09
rs1107364	-0.180762350776189	0.0286392267197984	-6.31170501022038	2.75977897661423e-10
rs2364368	0.173871433072242	0.0289144171267968	6.01331274670947	1.81769871157437e-09
rs2364367	-0.188427225073692	0.0292564005676396	-6.44054707406865	1.19043625744044e-10
rs2077523	0.176955576099976	0.029215513715463	6.05690448654742	1.38765925975399e-09
rs1868121	-0.204379737278269	0.0294101690130381	-6.94928809105664	3.67134138942174e-12
rs6762969	0.204144095540686	0.0293764449408273	6.94924440148871	3.67247843484135e-12
rs10934754	-0.172100271648568	0.0283264023957666	-6.07561345927532	1.23514611226008e-09
rs1868123	0.195957918146084	0.0290681184610086	6.74133478604534	1.56938121430994e-11
rs9879085	0.204199484447077	0.0293710652199088	6.95240308508331	3.59115538971653e-12
rs4679212	-0.196305654848633	0.0291885640489323	-6.72543036099832	1.7507420955669e-11
rs9813319	0.204319203318164	0.029350520754181	6.96134848950025	3.37030900701112e-12
rs9870993	-0.207366739828234	0.0300093832655736	-6.91006336228586	4.8443727914768e-12
rs9851577	0.172135215763377	0.0283354945015953	6.07489718429605	1.24067187064923e-09
rs1374804	0.214176412492496	0.0295927585234852	7.2374602159012	4.57164787372041e-13
rs13070856	-0.147817537908439	0.0299100422607636	-4.94207051329875	7.72972473750884e-07
rs1992854	-0.204753699142496	0.0299141887936935	-6.84470170843017	7.66353866542531e-12
rs1992855	-0.179271739268841	0.0281695338815931	-6.36402930990571	1.96528612027201e-10
rs1992856	-0.189754558285059	0.0290951826359547	-6.52185486028081	6.94431970180731e-11
rs1992857	0.193498288768366	0.0291476939855476	6.63854536363355	3.16793854619949e-11
rs1868134	-0.202346988899738	0.02930611927294	-6.90459855892881	5.03455935925551e-12
rs9862438	0.173218833584926	0.0282633454367688	6.12874487814806	8.85750220135531e-10
rs13082246	-0.202467102726041	0.0293265085649937	-6.90389387053462	5.05961059767354e-12
rs1868135	0.202329765304748	0.0293019239116934	6.90499934115264	5.02036607768906e-12
rs1868136	0.202345874073108	0.0293039947766699	6.90506108860636	5.01818284623681e-12
rs12695477	-0.202717964203038	0.0294024003421165	-6.89460594523847	5.40143180344377e-12
rs7622374	0.202459347403194	0.0293898683517536	6.8887463182908	5.6286208029726e-12
rs4679107	-0.202528372959193	0.0294294821608192	-6.8818191177291	5.90930193610843e-12
rs11720893	-0.201557962635009	0.0294306140224152	-6.84858163276842	7.45857697022932e-12
rs6765882	0.201197187542073	0.0293933796794298	6.84498311308091	7.64848932005505e-12
rs6768502	-0.201336576493808	0.0294256052205712	-6.8422238042212	7.79731421148773e-12
rs6781332	-0.201264399476519	0.0294237546127961	-6.84020112745882	7.90820716284269e-12
rs1447660	-0.200903837673495	0.0294133788906161	-6.83035561540297	8.47043936419364e-12
rs4679217	0.1951027959519	0.02923034967207	6.67466513882739	2.47797309436743e-11
rs11920239	-0.200801768162072	0.0294117681098448	-6.8272593273595	8.6552157261685e-12
rs1447662	0.13778760086197	0.0278648264367491	4.94485767477277	7.61995147976012e-07
rs4679218	0.135347010072813	0.0274382295021574	4.93278948855542	8.1063507406454e-07
rs9822040	-0.14133146896217	0.0281472350438379	-5.02114927956702	5.13632202781232e-07
rs2365020	0.14088140292797	0.0280607954245991	5.02057767059834	5.15163146530205e-07
rs2886058	-0.144234215019824	0.0282497755270069	-5.10567649933838	3.29613166808536e-07
rs6765730	0.175082805332536	0.0306388478560294	5.71440565112769	1.10088106622122e-08
rs10934761	0.170564279740032	0.0318338676369573	5.35795027123932	8.41713987546141e-08
rs2121744	-0.175284692188435	0.0308049365592565	-5.69014942949994	1.26928247063989e-08
rs6767404	-0.189778967091286	0.0314488953343586	-6.03451933918797	1.59436536916207e-09
rs12489314	0.175375746508609	0.030996652037063	5.65789319113916	1.53242448581943e-08
rs2166764	-0.170913401662993	0.0312288687008314	-5.47292965686082	4.4265585476884e-08
rs788732	-0.167657498633279	0.034078548772912	-4.91973703899461	8.66605605011646e-07
rs1475028	0.143527413903238	0.0289705586244825	4.95425082283176	7.26094962851556e-07
