SNP	beta	se	Z	P
rs2145667	-0.07021241505751	0.0138017639760618	-5.08720589478914	3.63377272153696e-07
rs174535	-0.0733856931003262	0.0144492115272686	-5.07887180984461	3.79682777833249e-07
rs174536	0.0735180082028235	0.0144705787412206	5.08051609528245	3.76410839475688e-07
rs174537	0.0735212494203598	0.0144705115667638	5.08076366762492	3.75920562102692e-07
rs102275	-0.0733868562492882	0.0144486739423315	-5.07914127913708	3.79144690981228e-07
rs174538	-0.0764020284118427	0.0149713214137796	-5.10322544685482	3.3391281466812e-07
rs174545	0.0751804105618088	0.0144217739574578	5.21297940070204	1.85831538744912e-07
rs174546	0.0752892259148144	0.0144106440656124	5.22455662439644	1.74572901087348e-07
rs174547	-0.0737951873064599	0.0142560837563499	-5.17639967382979	2.26208602884702e-07
rs174548	0.0767678412144679	0.0148122423175076	5.18272922957321	2.18662370508046e-07
rs174549	-0.0759697897330141	0.0148897701917006	-5.10214655800122	3.35822521754162e-07
rs174550	-0.0753165650445044	0.0143655848814531	-5.24284710062471	1.58117562513393e-07
rs174555	-0.0752919538858942	0.0149102491952829	-5.04967776861263	4.4255593565201e-07
rs174556	0.0754415614960128	0.0149382586366208	5.05022461661426	4.41290860416415e-07
rs968567	0.105109200432329	0.0191448397802521	5.49021050261015	4.01454994464523e-08
rs1535	0.0755554917223861	0.0144025430526453	5.24598270223598	1.55451487679554e-07
rs174574	-0.07566438721681	0.0144141627138373	-5.24930852516143	1.52671194639138e-07
rs174575	0.0916150267017546	0.0162134595954661	5.65055386003945	1.59931684639912e-08
rs174576	-0.0742904026592384	0.0143666560600656	-5.17102952479947	2.32807776623788e-07
rs174578	-0.0742827257376604	0.0143679852576596	-5.17001683990874	2.34072900985225e-07
rs174579	0.101733058674475	0.0171429326616901	5.93440228006149	2.94917919824556e-09
rs174585	-0.107979868531717	0.0180073420156154	-5.99643570039821	2.01695418630875e-09
rs174589	0.108147991892268	0.0174288920411561	6.2050985017803	5.46626540862591e-10
rs174591	-0.0920164471231138	0.0167401586041612	-5.49674882412648	3.8685709933892e-08
rs174593	-0.108390943153805	0.0186503292887397	-5.81174420439036	6.18252607860974e-09
rs174597	-0.108533252064859	0.0186962810946705	-5.80507168860425	6.4338470133167e-09
rs174601	0.0761459789556963	0.014880500006207	5.11716534551488	3.10161706756398e-07
