SNP	beta	se	Z	P
rs921968	0.149002786529857	0.0291716595884607	5.10779258471797	3.25944153011762e-07
rs2893485	0.184877127902872	0.0374031675794553	4.94282008362364	7.70005383221693e-07
rs12532883	-0.184341318632132	0.037304675167656	-4.94150713827849	7.75209777267937e-07
rs17150824	-0.197735113488992	0.0370916498789962	-5.3309872743343	9.76802644465143e-08
rs10226373	0.190645200079249	0.037023338470834	5.149324938091	2.61425643919071e-07
rs17169995	-0.198938853601497	0.0371276072651692	-5.35824601301816	8.40337647308369e-08
rs10249271	-0.199741409061165	0.0371934974120511	-5.37033145467106	7.85920567287678e-08
rs10486657	0.200334392160801	0.0372920189369745	5.37204468600578	7.78488096707833e-08
rs10267134	0.200333311828956	0.0372921876378293	5.37199141478462	7.78718173142764e-08
rs12534369	0.200332302400305	0.0372920593163377	5.37198283154449	7.78755249998909e-08
rs10278663	-0.199742891855831	0.0371938523123153	-5.37032007813005	7.85970150797182e-08
rs1419780	0.194355406594112	0.0372461096820048	5.21813978032755	1.80729054619934e-07
rs9655357	0.202086229236853	0.0376454597667717	5.36814347570347	7.95512598218595e-08
rs10233723	0.201320651664388	0.0376523812200117	5.34682389642302	8.95110293071942e-08
rs10263447	-0.200995875731745	0.0376147310380939	-5.34354148453671	9.1147956904755e-08
rs17199888	-0.186667664932236	0.0373757261885868	-4.99435553413375	5.90325606033831e-07
