SNP	beta	se	Z	P
rs4605699	0.0694230321818176	0.0106042947094465	6.54669019335859	5.88262186893296e-11
rs2046813	-0.0715445957581864	0.010610903143478	-6.74255478452475	1.55625531538569e-11
rs4862429	0.0705236389493813	0.0106119958994192	6.64565267625491	3.01876357429819e-11
rs11737754	-0.07068096672738	0.0106432176834627	-6.64093968849318	3.11689567704752e-11
rs3796688	0.0690485178133549	0.0119421150247149	5.781933742093	7.3846794918639e-09
rs3822126	-0.0709644409671165	0.0106957219312227	-6.63484348447381	3.24847044639836e-11
rs4862432	0.071007240490963	0.0107058332904454	6.63257483696616	3.29880989925389e-11
rs6835696	0.0686117783687292	0.0119357640784153	5.74841944914167	9.00815429522467e-09
rs7700133	0.0711404122656946	0.0109207239384326	6.51425790696301	7.30498926665554e-11
rs2269928	0.100761125142511	0.0165555809770928	6.08623311268441	1.1559809831646e-09
rs149803	0.0853514123791446	0.0152875918623434	5.58305148042207	2.36334750565333e-08
rs174528	0.0895546457673816	0.010780723578328	8.3069234747294	9.82152418764587e-17
rs108499	-0.0895014900028998	0.0109300512794342	-8.18856999978619	2.64348168440547e-16
rs509360	-0.0675668649149272	0.0134454196063454	-5.02527008402474	5.02724524199521e-07
rs174532	-0.0733138095046189	0.0138760648563956	-5.28347267495137	1.26757778034252e-07
rs174534	-0.0869925522124572	0.0108376789534633	-8.02686189413812	9.99975462222156e-16
rs174535	0.113567379923412	0.0112352897130732	10.1080953694738	5.08634576249672e-24
rs174536	-0.113736197266244	0.0112527116880921	-10.1074479128975	5.1200635433441e-24
rs174537	-0.113739788018592	0.0112527077333332	-10.1077705663383	5.1032330456935e-24
rs102275	0.113575113354024	0.0112349944748398	10.1090493287175	5.03706652148729e-24
rs174538	0.113376214769394	0.0115353282607394	9.82860757896868	8.47828664586922e-23
rs4246215	-0.0890727010035246	0.0108929480671551	-8.17709773831569	2.90762156859348e-16
rs174541	0.0937522108301415	0.0109890297716912	8.53143660340754	1.44541416642319e-17
rs174545	-0.114784404289783	0.0112350404396407	-10.2166436254905	1.67024141756538e-24
rs174546	-0.114781377215014	0.0112279418986683	-10.222833200502	1.56692918261426e-24
rs174547	0.115696331827838	0.0111282955086665	10.3965905414478	2.56963481493178e-25
rs174548	-0.127215000985366	0.0115407365345523	-11.0231266959862	2.95609070066804e-28
rs174549	0.125912277523941	0.0116010912354781	10.8534856737339	1.9196217842667e-27
rs174550	0.114542988137372	0.01119486430875	10.2317442157691	1.42921717019888e-24
rs174555	0.125979111366977	0.0116319842532205	10.8304059414538	2.47057610097678e-27
rs174556	-0.126263997680765	0.0116537995578387	-10.8345777747513	2.360518246584e-27
rs968567	-0.142473212504851	0.0146611624274898	-9.71772962815776	2.53367658813018e-22
rs1535	-0.115014602356907	0.0112244601204681	-10.2467825732816	1.22348485995319e-24
rs174574	0.115447189079507	0.0112332076913282	10.2773127900618	8.91793761636502e-25
rs174575	-0.10454051353135	0.0124549199567114	-8.39351147134569	4.71833600487227e-17
rs174576	0.11503486347866	0.0111610543057942	10.3068097624918	6.56443073093386e-25
rs174577	0.111381789502545	0.011156111646564	9.98392567511191	1.79232064489249e-23
rs174578	0.114658038545306	0.0111598208235635	10.2741827452292	9.21218766262281e-25
rs174579	-0.105999465127663	0.0130837889024111	-8.10158784418548	5.42464539251803e-16
rs174583	-0.109920556598752	0.0111310460402928	-9.87513268751702	5.33622903109536e-23
rs174585	0.111065616126187	0.0137316588425479	8.08828834154015	6.05090245167603e-16
rs174589	-0.107917563327214	0.013295428189034	-8.116892648574	4.78271479131365e-16
rs174591	0.102407830273468	0.0128233783709769	7.98602578125953	1.39358553964866e-15
rs174593	0.1044154229233	0.0142253928236243	7.34007308043511	2.13477257668871e-13
rs174597	0.104496037062503	0.0142614006603852	7.32719313838285	2.35023006018039e-13
rs174601	-0.11052784176916	0.0115289265948129	-9.58700195201943	9.06816844812231e-22
rs526126	-0.086178902636612	0.0150389680898881	-5.73037339540319	1.00209797998573e-08
rs174605	-0.0750894719349753	0.0116938006223801	-6.42130598594832	1.35110134652157e-10
rs174611	0.0736005596688507	0.0115154087039937	6.39148479752397	1.64282617784073e-10
rs174627	0.0790004064126015	0.0141476286172759	5.58400340790209	2.35044095806937e-08
rs422249	-0.0607725977891094	0.0110255958097244	-5.51195589226197	3.54867863390745e-08
rs174448	-0.059076891443531	0.0107646155871676	-5.48806327222273	4.06364517668467e-08
rs174634	-0.0617242765472926	0.0115534425326317	-5.34250084967817	9.16729415941178e-08
rs174454	-0.0666647721698228	0.011510870303507	-5.79146236662159	6.9776195024057e-09
rs1000778	0.0613234480333745	0.0114884419582662	5.33783852119744	9.40611727527757e-08
rs174455	-0.0621227605816017	0.0106174018377174	-5.85103225168665	4.88531472511141e-09
rs174456	-0.0594825786678774	0.0114366177774726	-5.20106379571797	1.98151066230825e-07
rs174464	0.0613649339684479	0.0114964886643783	5.33771099680082	9.41273348154543e-08
rs174479	-0.0808093168929324	0.0139846442812114	-5.77843206219417	7.53999780998258e-09
