SNP	beta	se	Z	P
rs7340675	0.0680876061812406	0.0136583257584082	4.9850623997107	6.19418190199498e-07
rs4739610	0.05329322133947	0.010409072238617	5.1198819758168	3.05726931344851e-07
rs2269928	0.0839078542396419	0.0164995345675583	5.08546795038832	3.66720757321348e-07
rs174528	0.0716760426715473	0.0104003639214722	6.89168602298309	5.51349606825103e-12
rs108499	-0.0679307898478466	0.0106673604309769	-6.3680973646098	1.9138741746215e-10
rs174534	-0.0677319136463204	0.0105763361928721	-6.4040999086213	1.51259043223561e-10
rs174535	0.0839285469360837	0.0108046146680389	7.76784267784697	7.98341299317998e-15
rs174536	-0.0840634340836138	0.0108207944288841	-7.7686933834749	7.92998666773613e-15
rs174537	-0.0840672830414	0.0108207257574882	-7.76909838817634	7.90467520914103e-15
rs102275	0.083937451238489	0.0108041912298992	7.76897126794676	7.91261123042309e-15
rs174538	0.0811742428816562	0.0112289205059286	7.22903353343697	4.86443320183613e-13
rs4246215	-0.0723309230520923	0.0105746616526204	-6.84002244498938	7.9180773640406e-12
rs174541	0.0793592281793852	0.0105443438255101	7.5262367666151	5.22236059698847e-14
rs174545	-0.0873244382468867	0.0107669857775301	-8.11038855731807	5.04581471341971e-16
rs174546	-0.087580580264609	0.0107567059279906	-8.14195171374084	3.8895637973786e-16
rs174547	0.0852818700884253	0.010647069243659	8.00989156139996	1.1480963041288e-15
rs174548	-0.090464595559235	0.0110652990356637	-8.17552198703946	2.94587707936089e-16
rs174549	0.0909043255396836	0.0111166824580643	8.17728903228136	2.90301086504679e-16
rs174550	0.0878731870186364	0.0107192627705674	8.19768942132062	2.45051483438236e-16
rs174555	0.0912422097889302	0.011124870960468	8.20164207865037	2.37125415646294e-16
rs174556	-0.0914220143750197	0.0111456069502758	-8.20251555459323	2.35408268975095e-16
rs968567	-0.0945286752237188	0.0145359520369678	-6.50309487698597	7.86841338351356e-11
rs1535	-0.0883752005494279	0.0107468266652516	-8.22337637911077	1.97852691325103e-16
rs174574	0.0889973756210328	0.0107547651386234	8.27515752077359	1.28285911595059e-16
rs174575	-0.0895135825723239	0.0121805803389298	-7.34887666117461	1.99879516386437e-13
rs174576	0.0913831275400008	0.0107088017247866	8.53345966136298	1.42034992682703e-17
rs174577	0.0866760423782945	0.0107688520754402	8.0487726798635	8.36284105806901e-16
rs174578	0.0913101898858178	0.0107076296973816	8.52758196411544	1.49438440669712e-17
rs174579	-0.0891433673520746	0.0129178366192581	-6.90079693523749	5.17116087209702e-12
rs174583	-0.0889723907015366	0.010716149754312	-8.30264532890985	1.01818486021953e-16
rs174585	0.0882828610700799	0.0135668186863682	6.50726328043183	7.65322146893944e-11
rs174589	-0.0826018655533508	0.0131406929331036	-6.28595965021469	3.25834572989671e-10
rs174591	0.0849392472744889	0.0125805383027019	6.75163854127346	1.46184702438921e-11
rs174593	0.0869006102412771	0.0140159296625773	6.2001317310619	5.64159206230974e-10
rs174597	0.0870527713343439	0.0140505865234402	6.19566814446613	5.80382958150495e-10
rs174601	-0.0904028846343909	0.0110896297984132	-8.15202006538816	3.57894895194355e-16
rs174602	0.0805815284853364	0.0163477350734398	4.92921668496191	8.25599660311168e-07
rs526126	-0.0820271379607011	0.0149292116275259	-5.49440519748966	3.92029449773895e-08
rs174605	-0.0618609420735983	0.0116297402352749	-5.31920239163759	1.04223145519114e-07
rs174611	0.0647433798872818	0.0114555978727908	5.65168056754677	1.58886657640466e-08
rs174616	0.0523778570425782	0.010012566492821	5.23121190557219	1.68402328988756e-07
rs174626	-0.0526367470715372	0.010287295591395	-5.11667489321159	3.10968939261379e-07
rs174627	0.0767763567954719	0.0140819205629468	5.45212256043329	4.97721323677415e-08
rs422249	-0.0596833664203038	0.01094354499467	-5.4537507224005	4.93183260919865e-08
rs174448	-0.0622094601444521	0.010655701586091	-5.83813835643208	5.27873146102079e-09
rs174450	0.0519876063621187	0.0102931123392043	5.05071786345018	4.40152778823433e-07
rs174634	-0.0663205248032451	0.0114907278185839	-5.77165570800357	7.84963760502816e-09
rs174454	-0.0585030863720126	0.0114838417419582	-5.09438284561704	3.49879108685747e-07
rs1000778	0.0658868063149448	0.0114267683097436	5.76600527191606	8.11725211257223e-09
rs174455	-0.0616894467838422	0.0105582233357487	-5.84278669072763	5.13347338596002e-09
rs174456	-0.0662849384948303	0.0113641746476152	-5.83279829378019	5.45054431998831e-09
rs174464	0.0658955854073022	0.0114348689733948	5.76268827921154	8.27846099728186e-09
rs174479	-0.0759906859202137	0.0139499068665577	-5.44739736595569	5.11121902330852e-08
rs7118965	-0.0685828899300834	0.0128098462669822	-5.35391982859765	8.60690065193908e-08
rs7108670	0.0606303874562402	0.0122707312709887	4.94105739236477	7.7700030732632e-07
rs3784246	-0.0890616980825218	0.0180596528518959	-4.93152879586897	8.15885373808423e-07
