SNP	beta	se	Z	P
rs149803	0.0959317172412495	0.0185552116870726	5.17006859631169	2.34008082131885e-07
rs174528	0.102695056415613	0.0134968484256011	7.60881749407655	2.76615026656834e-14
rs108499	-0.0929296541640679	0.0136510760888679	-6.80749660752748	9.93116518756147e-12
rs174532	-0.0908534422929913	0.0168190138589747	-5.40182932571349	6.59646987556619e-08
rs174534	-0.0916466436098684	0.0135244736005251	-6.77635568798111	1.23245044818274e-11
rs174535	0.110902266693219	0.0143307168659484	7.73878011341753	1.00375202038969e-14
rs174536	-0.111089212274262	0.0143526779277809	-7.739964126084	9.94448692069243e-15
rs174537	-0.111085607081374	0.014352630895485	-7.73973830235676	9.96216519077294e-15
rs102275	0.110907527703868	0.0143304327473571	7.73930066587291	9.99651298943369e-15
rs174538	0.0998639599234044	0.0146417706901001	6.82048380876001	9.07344142693142e-12
rs412334	0.136787823033861	0.0253394625092697	5.39821328032591	6.73078257932093e-08
rs4246215	-0.0943334445782135	0.0135922342236524	-6.9402456598386	3.91418684741026e-12
rs174541	0.100154610337323	0.0137768081304679	7.26979786528544	3.60025817054799e-13
rs174545	-0.111413214660066	0.0143444366702112	-7.76699826012933	8.0367947178797e-15
rs174546	-0.11132122853593	0.0143357943796293	-7.76526403685829	8.14753144960605e-15
rs174547	0.112410340035917	0.0143284006700682	7.84528173271567	4.31982571696474e-15
rs174548	-0.110047097552526	0.0146686196232642	-7.50221223120363	6.2749664258348e-14
rs174549	0.10953942785233	0.0147220816065499	7.44048503328469	1.00316282944879e-13
rs174550	0.110922963432901	0.0142936638156689	7.76028909476002	8.47360073179125e-15
rs174555	0.109525048721848	0.014756083282704	7.42236585572987	1.15046489618218e-13
rs174556	-0.109722111689805	0.0147846391858375	-7.42135877045346	1.15924824139087e-13
rs1535	-0.111343454871276	0.0143348286965872	-7.76733766604304	8.01529633448589e-15
rs174574	0.112128573132251	0.0143526776267528	7.81238010413112	5.61180183497092e-15
rs174575	-0.0882365912043313	0.0151709261928016	-5.81616376501775	6.02134781212267e-09
rs174576	0.114451468556848	0.0142886367186385	8.00996419816277	1.14741841489347e-15
rs174577	0.111887922116017	0.0142711251277894	7.84016124265799	4.49968254368634e-15
rs174578	0.114078504968372	0.0142858257630696	7.98543303413913	1.4002986438196e-15
rs174579	-0.0800278035850815	0.0158756816915312	-5.04090502316962	4.63335391434194e-07
rs174583	-0.107422284342238	0.0142205301668017	-7.5540280905292	4.21999102055164e-14
rs174585	0.0817988653967536	0.0166813126472865	4.90362282191622	9.4085068013238e-07
rs174589	-0.0813084973661824	0.016141417272727	-5.03725887215392	4.72245900502633e-07
rs174591	0.0908842869355458	0.0155931290079262	5.82848297409378	5.59335022412174e-09
rs174601	-0.112041965962415	0.0146739977414394	-7.63540842356873	2.2510566511546e-14
