SNP	beta	se	Z	P
rs13438897	-0.0589077832710775	0.0111046133667472	-5.30480272707892	1.12794910458884e-07
rs10216961	-0.0610361975047866	0.011089835501613	-5.50379647163467	3.71698634487579e-08
rs7007897	-0.0618777672815991	0.011005603920538	-5.62238726092317	1.88336476316627e-08
rs7841715	-0.0618339046471376	0.011077696550917	-5.58183773701755	2.37990363927511e-08
rs7841872	-0.0618073467680951	0.0110784721382218	-5.57904970982902	2.41836127724829e-08
rs7828641	0.0615715681299447	0.0110488924783719	5.57264614987163	2.50898851562598e-08
rs17153181	0.0589157343619418	0.010983640702895	5.36395316959095	8.14200215398182e-08
rs11989653	-0.0615124328070355	0.0115728493262483	-5.3152366433666	1.06518804488076e-07
rs7835975	-0.0658660871158397	0.0130279444711773	-5.05575436413319	4.28692820686549e-07
