SNP	beta	se	Z	P
rs10159930	0.0834355242755411	0.0168414693625999	4.95417130650296	7.26391917066724e-07
rs11248380	0.0907776307113947	0.0168820048608019	5.3771830691845	7.56602334818124e-08
rs174538	-0.0927330208192722	0.0187787876154543	-4.93817932862483	7.88553135416301e-07
rs174548	0.0968841151110557	0.0186389726012984	5.19793215986092	2.01517640666457e-07
rs174549	-0.0968699069874167	0.0186914395808663	-5.18258139338709	2.18835816454019e-07
rs174555	-0.098333944252476	0.0187243332855977	-5.25166598738722	1.5072961312243e-07
rs174556	0.0985921584032348	0.018759135310549	5.25568779003329	1.47472286093651e-07
rs310008	-0.19255684682025	0.0337863627442547	-5.69924760110479	1.20337342660837e-08
rs310007	0.171827463824158	0.0305326494638378	5.62766307023785	1.82667447211101e-08
