SNP	beta	se	Z	P
rs12879147	-0.122998896539823	0.0186757113972607	-6.58603540842168	4.51726137637038e-11
rs4902242	-0.12304100364758	0.0186472754598619	-6.59833678718507	4.15795877710067e-11
rs17101394	-0.129200896002921	0.0181760175449794	-7.10831708228676	1.17466445150491e-12
rs4902243	0.129071662782527	0.0181462097629653	7.11287174944654	1.13652883793408e-12
rs7157785	0.12896214503447	0.0181228518809937	7.11599619537354	1.11107359999592e-12
rs11158519	-0.0997685581867056	0.0175983002155149	-5.66921560405863	1.43452753766989e-08
rs12879919	0.0938287535634389	0.0162266546478272	5.7823843299705	7.36492084828186e-09
rs17101457	-0.0931424469530705	0.0162881495405569	-5.71841796522984	1.07520403624436e-08
rs12889954	-0.0937475933522212	0.0164486410879289	-5.69941266582924	1.2022089289152e-08
