SNP	beta	se	Z	P
rs17048832	0.317616591350076	0.0591982273137443	5.36530578300498	8.08121944338687e-08
rs6982012	-0.324504487362243	0.0486549070191742	-6.66951202340928	2.56655355234625e-11
rs11826838	-0.240728384759087	0.0457003103221549	-5.26754376637973	1.38261204672578e-07
rs17095079	-0.303456349156817	0.0467541727334322	-6.49046558661118	8.55715113236352e-11
rs869916	-0.121920796027435	0.0247783645654652	-4.92045371700446	8.63438170940871e-07
rs1722383	-0.122423221276669	0.0247648825655856	-4.94342022226237	7.67637712751322e-07
rs937475	-0.120861738277706	0.0245792856265775	-4.9172193250002	8.77821846513721e-07
rs1814728	0.122991531222426	0.0247264574309138	4.97408622185635	6.5556127980564e-07
rs1126758	-0.123334048663581	0.0247834197696653	-4.97647418354026	6.47529079897982e-07
rs2251894	0.123754366606458	0.0248293290164097	4.9842010037673	6.22183747931142e-07
rs12297049	-0.12398616899964	0.0248251735291231	-4.99437270213591	5.90273099897507e-07
rs1718306	0.125103438423532	0.0248574682216063	5.03283107146008	4.83288971445379e-07
rs1498694	-0.124858030398611	0.0248433524617775	-5.02581246193363	5.01305606088205e-07
rs11078005	-0.127753568518404	0.025266594980227	-5.05622418131055	4.27638608206265e-07
