SNP	beta	se	Z	P
rs12812815	0.220518685894308	0.04439977112078	4.96666267252672	6.81149186672991e-07
rs4509846	0.220645577904493	0.044378709845756	4.97187905352309	6.63070685006075e-07
rs12369733	0.220700087509455	0.0443775084963092	4.9732419639514	6.58423951647826e-07
rs1038681	0.220742509665301	0.0443777717950409	4.97416838963439	6.55283310355595e-07
rs1038680	-0.220125633440769	0.0442566835777148	-4.97383933105219	6.56397182795323e-07
rs5747922	0.339030583208329	0.0363706522048839	9.32154258049855	1.14660959873152e-20
rs5747923	-0.338935888310378	0.0363607762677994	-9.32147008672461	1.14739341218006e-20
rs372579	-0.17302534186638	0.0307750289197379	-5.62226415181068	1.88470779821289e-08
rs3810600	0.247570597317172	0.0342597205786328	7.22628769691652	4.96375625896844e-13
rs416659	-0.263951029324983	0.0325162103191998	-8.11752128350359	4.75801383030617e-16
rs418623	0.167197051442163	0.0305250077762285	5.47737948726647	4.31670803246983e-08
rs5746636	-0.320742461039958	0.0342992486357463	-9.35129700496365	8.65794186137098e-21
rs5746640	0.215073568427142	0.0386096866393648	5.57045620276706	2.5407318108744e-08
rs2241305	0.640283650317818	0.0661828493707637	9.67446485615748	3.87111559287207e-22
rs759404	0.625752113647549	0.0653578871545847	9.57424024689658	1.02608927088715e-21
rs2540641	-0.58383136774619	0.0520712220671687	-11.2121694972529	3.55374453241338e-29
rs7288481	0.181488429941083	0.0332148214408304	5.46407965083871	4.65314584343287e-08
rs2019061	0.196998977394046	0.03054053699054	6.45040974410721	1.11548148758155e-10
rs9680846	-0.183754018077471	0.0341477263090443	-5.38114943333146	7.40117222766452e-08
rs11912325	0.172119263159098	0.0323796499828528	5.3156616347072	1.0627046705733e-07
rs2540647	-0.525812261329961	0.0524226709415212	-10.030245538548	1.12237145402141e-23
rs2078743	-0.518281416585724	0.0520849839053524	-9.95068785136869	2.5044609438053e-23
rs2540648	0.514712446311848	0.0519964618785604	9.8989898103832	4.20500905550808e-23
rs2023634	0.476610425051252	0.0488769562274296	9.75122965582254	1.82247196022471e-22
rs2540653	-0.47446156828721	0.0499553434946528	-9.49771406011844	2.14548201785745e-21
rs2518802	0.500086758885894	0.0487275879281442	10.2629081419615	1.03540650606452e-24
rs2518803	-0.499860645281618	0.0487173761247824	-10.2604180488148	1.06245775572959e-24
rs2518804	0.500148583658911	0.048745258357425	10.2604561040905	1.06203911792741e-24
rs2518805	0.500172578243709	0.048756101024305	10.2586664588781	1.08190459377826e-24
rs2800960	-0.301534118087732	0.0527530983602584	-5.71595086280074	1.09092260869141e-08
rs807741	0.29598741989611	0.0525682325477701	5.63053778966486	1.79648572594523e-08
rs5747998	-0.254374605646423	0.0438629583222341	-5.79930345276051	6.65909360259241e-09
rs7289913	-0.311751677256718	0.063354747616976	-4.92073110513322	8.62215219837374e-07
