SNP	beta	se	Z	P
rs677277	0.197522711704278	0.0269492092788996	7.32944368274777	2.31110071339885e-13
rs629735	-0.203864240928805	0.0268032574945911	-7.6059501711665	2.8281824819906e-14
rs493427	-0.134026237287425	0.0259854967178146	-5.15773235904867	2.4995856213505e-07
rs541503	0.204415180221347	0.026576092708399	7.69169427817148	1.45199240369474e-14
rs539799	0.134119342094348	0.025808665392035	5.19667871457391	2.02880554583545e-07
rs539708	-0.20481432562172	0.0267996142679518	-7.64243558037498	2.1315065591897e-14
rs662243	0.207330247079595	0.027212297810966	7.61899081510292	2.55666653397067e-14
rs1163251	0.207875952070416	0.0269491277831258	7.71364304415737	1.22276164297844e-14
rs594400	-0.212751623877639	0.027407046412715	-7.76266149492624	8.31653698874171e-15
rs612430	0.208470228267554	0.0271330317891763	7.6832633333189	1.55086337334363e-14
rs514491	0.208476803662139	0.0271338296152125	7.68327975146042	1.55066454217484e-14
rs511059	0.208472784324673	0.0271340604119784	7.68306627019386	1.55325185574986e-14
rs627707	0.208472992318831	0.0271340790697667	7.68306865262714	1.55322295812255e-14
rs487884	0.208479178846702	0.0271343703222908	7.68321418077784	1.55145878296117e-14
rs487081	-0.208766750809697	0.0271497108598931	-7.68946497762146	1.4775157191153e-14
rs639216	0.208482369461852	0.0271342881723163	7.68335502806948	1.54975322922937e-14
rs839605	-0.208767210665702	0.0271498780950358	-7.68943455049525	1.47786711576263e-14
rs606312	-0.208794333015683	0.0271544800621581	-7.68913021121161	1.48138639523047e-14
rs866321	-0.17449247545364	0.0284558407236281	-6.13204428392629	8.67569447215944e-10
rs4659226	0.158793104144525	0.026870391507238	5.90959398941961	3.42951955723011e-09
rs2764886	0.176237338324587	0.0264983810365539	6.65087191860783	2.91361754255243e-11
rs611365	0.176183001803082	0.0264982271566284	6.64885996944935	2.95371838753849e-11
rs592762	0.173941502542563	0.0264443045169554	6.57765464888803	4.77926676648401e-11
rs595283	-0.166381698780704	0.0263337072871418	-6.31820263537088	2.64622891337522e-10
rs561931	0.218299234856923	0.0268015548406591	8.14502129278537	3.79215173985837e-16
rs478093	0.198398742719259	0.0283073711258306	7.00873075911383	2.40489727292528e-12
rs477992	0.242421964205614	0.027828723642955	8.71121389956322	3.00637750701946e-18
rs666930	-0.139459472088391	0.0255221662510041	-5.46424902638915	4.64870561142736e-08
rs662602	0.240130697035443	0.0278897212540525	8.61000706489856	7.30560735748814e-18
rs483180	-0.240691143507111	0.0279335795160757	-8.61655210957099	6.90004016902188e-18
rs616111	0.157086739512961	0.0263410122237646	5.96358022153904	2.46770212611187e-09
rs523395	-0.145386801955754	0.0278029659707308	-5.22918317811158	1.70260605202771e-07
rs512854	-0.224240871430302	0.0377982660592226	-5.9325703215846	2.98228587666903e-09
rs673816	-0.127613873518628	0.0258436357663921	-4.9379226155393	7.89591606325519e-07
rs12467963	-0.13559446141902	0.0259555645293782	-5.22409987521348	1.75004307677251e-07
rs6593292	-0.155674423074673	0.0303638060597635	-5.12697330394838	2.94437247589678e-07
rs4535700	-0.15589306519512	0.0303676089062811	-5.13353111455791	2.84355995124039e-07
rs4543497	-0.156049213621213	0.0303696420718805	-5.13832903436489	2.77192219725638e-07
rs10229446	-0.151998248881845	0.0306724582864834	-4.95552875032604	7.21338548818685e-07
rs4689	0.15856224266987	0.0303502620088965	5.22441099926555	1.74710334482609e-07
rs7800001	-0.17086859540045	0.0312015200669289	-5.47629073948728	4.34333854386235e-08
rs4948099	-0.171879326336907	0.0307809223547367	-5.58395633360407	2.35107759591207e-08
rs4947534	-0.169723061908491	0.0302560155619836	-5.60956420586148	2.02836735569213e-08
rs4275190	0.163072722118467	0.0275218027277143	5.92521949713179	3.11880523556579e-09
rs2016724	0.185136300241207	0.0260187593012398	7.11549302169783	1.1151348862354e-12
rs7793921	-0.147719167448399	0.0274588075277719	-5.37966433170835	7.46248486958102e-08
rs13244654	-0.179920311176244	0.0256186868087666	-7.02301068432111	2.17137600050778e-12
rs2242508	-0.174745463906347	0.0267940823124657	-6.52179320301066	6.94717559942825e-11
rs7783339	0.185386305290806	0.0257942742574025	7.18711073011111	6.61767403815856e-13
rs11238394	0.176238614520251	0.025745152123662	6.84550682294365	7.62055870206144e-12
rs816411	-0.187583689067458	0.0257840868219433	-7.27517287553562	3.45977101457435e-13
rs816409	-0.187582703906351	0.0257848140480225	-7.27492948201956	3.46601459884458e-13
rs2908543	0.187505597842992	0.0257911597620055	7.27014991079301	3.59088772984273e-13
rs1894832	0.191914175853401	0.025833580884519	7.42886465145091	1.09533754049767e-13
rs2331180	0.191892008727522	0.0258367429888638	7.42709747936231	1.1100655506078e-13
rs933466	0.191867768658532	0.025837910848666	7.42582361949895	1.12080272460075e-13
rs860118	0.191874556883822	0.0258383907524861	7.42594841613191	1.11974633874339e-13
