SNP	beta	se	Z	P
rs3843765	-0.0824301333831152	0.0133487612158184	-6.17511483278573	6.61153987237543e-10
rs3903703	-0.0826485772728337	0.0132983227767547	-6.21496249266126	5.1336911015324e-10
rs2327451	0.0826196191913623	0.0133067491004356	6.20885075443844	5.33734813057097e-10
rs4508668	0.082606002445749	0.0133064712221498	6.20795709596127	5.36777997529679e-10
rs4814176	0.0862268721593138	0.0128946019340919	6.68705188419503	2.27711164646726e-11
rs6074536	0.0665262638908514	0.0126738889436755	5.24908054556131	1.52860233721676e-07
rs364585	-0.0834770544842294	0.0127754753881178	-6.53416424424171	6.39657192328614e-11
rs6078856	0.0665151100329133	0.0126727055468262	5.24869056470517	1.5318412802531e-07
rs3848751	0.0665036327440416	0.0126718904750387	5.24812243879803	1.5365716673328e-07
rs2876240	0.0665038715965202	0.0126718335973482	5.2481648441499	1.53621810031981e-07
rs3848752	0.0655396351410497	0.012754190552229	5.13867460836985	2.76683027466468e-07
rs168622	0.0796199928918721	0.0128681538060041	6.18736720839647	6.11773429656431e-10
rs3910135	0.0659861032742003	0.0126376621607755	5.22138528746292	1.77589622628163e-07
rs680379	-0.0834550621232581	0.0127730868943214	-6.53366432200191	6.41797050108461e-11
rs3848753	0.0664602949491529	0.0126692423717674	5.24579868305744	1.55606743567627e-07
rs6041755	-0.0662741910848328	0.0127766891535015	-5.18711774925433	2.13573702298496e-07
rs13037956	0.0662319711208074	0.0126697917066588	5.22755011718132	1.71770846376533e-07
rs6078866	-0.0663993730728029	0.0126884409462449	-5.23306002322166	1.66726568277349e-07
rs608994	0.0798484883170123	0.0145093699923869	5.50323607151164	3.72882582658395e-08
