SNP	beta	se	Z	P
rs4950331	-0.106819948189013	0.0197824499101381	-5.39973302974319	6.67401405629501e-08
rs6686200	-0.124503557240142	0.0226810170815995	-5.48932866600363	4.03464264931663e-08
rs1853782	-0.108424227960282	0.0197333510120968	-5.49446608910046	3.91894218264341e-08
rs17612186	-0.121402352350456	0.0231831976941096	-5.23665259436157	1.6351505818986e-07
rs3843765	-0.113006305957552	0.0190901646266979	-5.91960877066041	3.22708353934295e-09
rs3903703	-0.118686377914156	0.0189649671257514	-6.25819054297222	3.89469794331986e-10
rs2327451	0.118798135079353	0.0189762087136367	6.26037249442675	3.84058982561091e-10
rs4508668	0.118808898321422	0.0189756391309652	6.26112762270786	3.82203560663049e-10
rs4814176	0.125007453037892	0.0183509523158727	6.81204173419197	9.6223180870557e-12
rs364585	-0.123779891639615	0.0181687560764641	-6.81278845500935	9.57248559583025e-12
rs168622	0.125160675226809	0.0182651549507284	6.85242887697581	7.26064882401859e-12
rs680379	-0.124846762819237	0.018156720414008	-6.87606351656531	6.15290749878498e-12
