SNP	beta	se	Z	P
rs17304141	-0.574239373207092	0.11659512668848	-4.92507182346781	8.43293737992881e-07
rs211718	-0.373120963573456	0.0358626656234264	-10.4041614611526	2.37336388999987e-25
rs11163904	-0.242877215147018	0.0364119447767735	-6.67026209767144	2.55346986873005e-11
rs12129523	-0.244385153055191	0.0364613197743893	-6.70258659223984	2.04762159303095e-11
rs11163915	0.244610503315926	0.0365108251571655	6.69967063913152	2.08889814526697e-11
rs12125933	0.23313482105732	0.0368985310196877	6.31826835959751	2.64510398202891e-10
rs12126155	0.25666281580925	0.0404387637972832	6.34695009708713	2.19625332217067e-10
rs11163924	0.364072859287262	0.0361198112368584	10.0795892010572	6.80098622713748e-24
rs17585530	-0.24653896689415	0.0364546924829483	-6.76288702776655	1.35268715216094e-11
rs7552404	-0.374110251665115	0.0359858125448227	-10.3960484760247	2.58428919162614e-25
rs12132750	0.246872469782829	0.0365088023245335	6.76199858840435	1.36101030303533e-11
rs12131344	0.245449140667915	0.0364688374102116	6.73038018478722	1.69220344934252e-11
rs12134854	-0.375236600637436	0.0361605808138847	-10.3769517024283	3.15694612942769e-25
rs2066183	-0.334113717079163	0.0357289053499699	-9.35135610247417	8.65310495674047e-21
rs7544117	-0.332959204912186	0.0357000678777695	-9.32657063992644	1.09351796777898e-20
rs1498315	0.35675385594368	0.0361975282430649	9.85575184990789	6.473039897073e-23
rs1846233	0.226869747042656	0.0367800034582615	6.16829053048109	6.90322201650225e-10
rs7533888	-0.357092052698135	0.0362472832202911	-9.85155357790335	6.74925321728398e-23
rs1858536	-0.332774251699448	0.0356952138245106	-9.32265746706199	1.13462175406037e-20
rs4638068	-0.226551726460457	0.0367206707596779	-6.16959662701009	6.8464426659861e-10
rs4949874	0.356611132621765	0.0361939333379269	9.8527874628116	6.66688434903203e-23
rs7535991	-0.332727819681168	0.0356937758624554	-9.32173219676511	1.14456194230092e-20
rs4949876	-0.356415152549744	0.0362304076552391	-9.83745907419302	7.7647082254152e-23
rs7513559	-0.332177847623825	0.0356799252331257	-9.30993676285585	1.27908481421456e-20
rs942270	0.355238139629364	0.0362350977957249	9.80370307352326	1.08532204598215e-22
rs11164042	-0.227795824408531	0.0366384871304035	-6.21739166242758	5.05486929893211e-10
rs11579752	0.218023285269737	0.0367436818778515	5.93362652100354	2.96315459753002e-09
rs7534754	0.35166335105896	0.0362816266715527	9.6926015540171	3.24164346598761e-22
rs1251079	-0.209966853260994	0.0335473641753197	-6.25881819399282	3.87905764557993e-10
rs1251078	0.214352130889893	0.0340508632361889	6.29505717382465	3.072865779901e-10
rs1250876	-0.309331655502319	0.0352027006447315	-8.78715694639792	1.53392415296258e-18
rs7524467	-0.368001371622086	0.0362145267426968	-10.1617059429418	2.93888546336522e-24
rs1250880	0.306125968694687	0.0346977226436138	8.82265305533043	1.1177926016126e-18
rs2275378	0.344460785388947	0.0356115251779556	9.67273329821258	3.93719480824935e-22
rs3818855	0.332972586154938	0.0358714461326599	9.28238535250399	1.65726059519984e-20
rs2173378	-0.348888993263245	0.0356783680617809	-9.77872622029983	1.38948169966114e-22
rs1146574	-0.349216043949127	0.0356568917632103	-9.7937881481144	1.19724417100742e-22
rs7516477	0.303882837295532	0.0346757099032402	8.76356498954146	1.89170766937451e-18
rs11161493	0.348702132701874	0.0354452915489674	9.83775608729709	7.74182450721185e-23
rs12123977	0.356414049863815	0.03602409735322	9.89376767359744	4.43033015513041e-23
rs1146579	0.344411611557007	0.0351714827120304	9.7923540607289	1.21435132394037e-22
rs11161510	-0.367626368999481	0.0356928557157516	-10.2997185746963	7.06677359451898e-25
rs11161511	-0.356716752052307	0.0365956276655197	-9.74752381111377	1.89022520750209e-22
rs17647178	-0.244458302855492	0.0365894474089146	-6.68111491609826	2.37131181277976e-11
rs1146581	0.346223473548889	0.0352178290486336	9.83091470717222	8.28626876861028e-23
rs11161521	0.369437783956528	0.0357819832861423	10.3246871757275	5.4496152493782e-25
rs4646961	0.369484037160873	0.0357873253524303	10.32443842959	5.46375818542971e-25
rs1612097	-0.34688127040863	0.0353057682514191	-9.82505940497945	8.78222374795123e-23
rs1767458	-0.350493013858795	0.0366094708442688	-9.57383446894766	1.03012606711289e-21
rs1694419	0.29664558172226	0.0359566248953342	8.2500952908056	1.58268274872368e-16
rs17587071	-0.368142127990723	0.0364243760704994	-10.1070263297903	5.14213736053851e-24
rs8763	0.327931791543961	0.0427145771682262	7.67728052773275	1.62501318924313e-14
rs1146588	-0.339830666780472	0.0357743948698044	-9.49927086166615	2.113650449214e-21
rs12136754	0.339422583580017	0.0357306227087975	9.49948693439494	2.10926954200171e-21
rs7516226	0.356030344963074	0.0365079268813133	9.75213810744508	1.80623319948284e-22
rs12130832	-0.230880260467529	0.0370313264429569	-6.23472834069763	4.52562757536478e-10
rs6664254	0.230567514896393	0.0370935201644897	6.2158434646793	5.1049676393789e-10
rs12142247	0.28147229552269	0.0359816588461399	7.82266033720917	5.17185166624867e-15
rs11810154	0.287749081850052	0.0363279692828655	7.92086889331775	2.35856532014878e-15
rs17647711	0.279365122318268	0.0362112633883953	7.71486814259556	1.21107373119566e-14
rs1498311	0.230149656534195	0.0364759527146816	6.30962701192338	2.79708739085505e-10
rs11161620	0.341559290885925	0.0376971699297428	9.0606083035543	1.29725056956961e-19
rs11588643	0.235338062047958	0.0370290353894234	6.3555007461841	2.07748740977179e-10
rs12093623	0.337466865777969	0.038117416203022	8.85335102412357	8.49300214295584e-19
rs1146646	0.310547292232513	0.0373842976987362	8.30689116417483	9.8241978235001e-17
rs6656501	0.230581253767014	0.0371378511190414	6.20879363827246	5.33928806653432e-10
rs4949677	0.338871508836746	0.0390128865838051	8.68614292635852	3.74953104498503e-18
rs5745325	-0.228623300790787	0.0370832271873951	-6.16514036481965	7.04206452022941e-10
rs5745331	0.22630001604557	0.0370736792683601	6.10406143958584	1.03406506223106e-09
rs5745347	0.229915514588356	0.036965899169445	6.21966514420398	4.98216995085432e-10
rs12122939	0.321277648210526	0.0379636362195015	8.46277333269486	2.61092873060664e-17
rs7547056	0.288465976715088	0.0374860242009163	7.69529398927392	1.41169210153689e-14
rs5745383	-0.226307079195976	0.0370888076722622	-6.10176205166136	1.04905470603296e-09
rs1856791	0.2301956564188	0.0372139513492584	6.1857354049394	6.18136149302852e-10
rs1498313	0.221936970949173	0.0357558093965054	6.20701851517488	5.39992385869199e-10
rs6683437	0.305852442979813	0.0389772243797779	7.84695287688302	4.26267326856007e-15
rs1159215	-0.2139031291008	0.0375179536640644	-5.70135383758101	1.18859625159504e-08
rs1159214	0.337536334991455	0.0384208187460899	8.78524576017283	1.56023046514241e-18
rs1565717	-0.338078498840332	0.0384866744279861	-8.78430012114774	1.57341086658302e-18
rs7365179	-0.368109732866287	0.0427675694227219	-8.60721658572242	7.48559327114587e-18
rs2172507	-0.332680225372314	0.0394039712846279	-8.4428095576777	3.09799618192488e-17
rs5745427	-0.337410777807236	0.0384648852050304	-8.77191693173465	1.75649969195326e-18
rs5745430	0.226753741502762	0.0372298918664455	6.09063658621932	1.12462585482896e-09
rs5745433	0.336739301681519	0.038393646478653	8.77070381602714	1.77552926328268e-18
rs2029681	-0.337428510189056	0.0384677201509476	-8.7717314378129	1.75939634949806e-18
rs6699682	0.322687327861786	0.038829542696476	8.31035612199141	9.54152890919201e-17
rs2029682	-0.22701795399189	0.0367755219340324	-6.17307225167634	6.69755857575681e-10
rs2029683	-0.322608590126038	0.0389492847025394	-8.28278600210095	1.20326533412124e-16
rs5745442	0.321786373853683	0.0388731509447098	8.27785672201791	1.25411993289542e-16
rs5745449	0.33500599861145	0.0400160141289234	8.37179828885829	5.67455188814902e-17
rs11161836	-0.325503051280975	0.038983628153801	-8.34973722806859	6.84150027487419e-17
rs1001160	0.22124408185482	0.0367221795022488	6.02480802756469	1.69310463547608e-09
rs1908089	0.284457117319107	0.0339675322175026	8.37438279288754	5.55140406053235e-17
rs1303870	-0.274736434221268	0.0341836102306843	-8.03708070526313	9.2004075520928e-16
rs5745523	0.284527808427811	0.0339685454964638	8.37621406125355	5.46574612752269e-17
rs6687882	-0.284293740987778	0.0339492708444595	-8.37407502182553	5.56592949954838e-17
rs5745543	0.226457327604294	0.0366554148495197	6.17800476502481	6.49167559445053e-10
rs11161848	0.226468175649643	0.0366560481488705	6.1781939703345	6.48390240023836e-10
rs10873788	-0.322074562311172	0.0394524410367012	-8.16361557987141	3.25142543307606e-16
rs11161857	0.32464274764061	0.0389462411403656	8.33566316375872	7.70650221856101e-17
rs7523573	-0.325036227703094	0.0390497744083405	-8.32363906393453	8.53030919849216e-17
rs10873797	0.222787797451019	0.0366835184395313	6.07323961626691	1.25355188214634e-09
rs5745545	0.222716197371483	0.0366836488246918	6.07126620461955	1.26905616728852e-09
rs5745546	-0.281814783811569	0.0340004004538059	-8.28857248885795	1.14615702822227e-16
rs5745547	-0.22216609120369	0.0366268716752529	-6.06565838255298	1.31414193135222e-09
rs5745553	0.221938043832779	0.0366834923624992	6.05007946461667	1.44774404608508e-09
rs5745554	0.281635373830795	0.0340243391692638	8.27746785704549	1.25822081033592e-16
rs5745558	0.281550675630569	0.0340247824788094	8.27487070066998	1.28595087754514e-16
rs7519526	-0.249177441000938	0.0346417427062988	-7.19298226747787	6.33911783288792e-13
rs7513194	-0.221521183848381	0.0366258509457111	-6.04821944414977	1.46455385442276e-09
rs946163	-0.225353583693504	0.0398261956870556	-5.65842606369629	1.5276750226944e-08
rs6671871	-0.281459212303162	0.0340026989579201	-8.27755504501218	1.25730019842418e-16
rs11161887	-0.281446844339371	0.0340039804577827	-8.27687936971963	1.26445201517713e-16
rs1689270	0.195422038435936	0.0365367941558361	5.34863670858547	8.86192239586914e-08
rs1796827	0.194875791668892	0.0365464761853218	5.3322730946947	9.69909255006727e-08
rs1628063	0.194770768284798	0.0365476720035076	5.32922502604558	9.86327287936911e-08
rs10732723	0.298339337110519	0.0393460914492607	7.58243896970673	3.39118620218958e-14
rs1689271	0.178804114460945	0.0346109047532082	5.16612078580151	2.3900237411302e-07
rs1796815	-0.193530470132828	0.0365034714341164	-5.30170042819416	1.14728996427107e-07
rs17650138	-0.298430353403091	0.0399391353130341	-7.4721285542128	7.89078615425156e-14
rs1630587	-0.195555239915848	0.0365376882255077	-5.35215141989544	8.69146205225981e-08
rs12090849	0.324280261993408	0.0390035025775433	8.31413182312801	9.24263704717632e-17
rs1796813	-0.196533381938934	0.036547563970089	-5.37746871719766	7.55403329198353e-08
rs11588578	0.300611913204193	0.0393277555704117	7.64375970212648	2.10968970546856e-14
rs1770889	0.196555033326149	0.0366021692752838	5.37003782065114	7.87201312057011e-08
rs931507	-0.301095128059387	0.0394287742674351	-7.63643135384167	2.23325239569082e-14
rs1770887	0.282596617937088	0.0386992357671261	7.30238239425766	2.82716397213869e-13
rs1796812	-0.193199843168259	0.0349452421069145	-5.52864514651713	3.22713361496811e-08
rs1770885	0.315805166959763	0.0395844802260399	7.97800464112237	1.48717804528174e-15
rs1796810	0.221421912312508	0.036749079823494	6.02523691412135	1.68862086625782e-09
rs1689275	-0.32549723982811	0.0395225696265697	-8.23573069523519	1.78464985933807e-16
rs1770882	-0.221393525600433	0.0366395190358162	-6.04247903429121	1.51764075417614e-09
rs1251584	-0.22115670144558	0.0364834070205688	-6.06184343805652	1.3457017496819e-09
rs1251581	0.192956760525703	0.034550815820694	5.58472371613676	2.340720275953e-08
rs17097780	-0.348425656557083	0.0594089664518833	-5.86486649013295	4.49494227242885e-09
rs12140121	-0.316147565841675	0.0392250008881092	-8.05984853240661	7.63890417445456e-16
rs2792664	-0.176817357540131	0.0349553823471069	-5.05837286470893	4.22849017121253e-07
rs10518521	0.31572762131691	0.0394147336483002	8.01039591271032	1.14339752761696e-15
rs1251550	0.188357949256897	0.0345505960285664	5.451655569159	4.99030388054138e-08
rs1251551	-0.192220732569695	0.0347494930028915	-5.53161257787848	3.17300113656189e-08
rs10782602	0.315138131380081	0.0394217185676098	7.99402316364282	1.30605206811922e-15
rs1658737	0.188249409198761	0.0345558114349842	5.44769175954519	5.10276890074251e-08
rs1251531	-0.188458845019341	0.0345795638859272	-5.45000641537986	5.0368003175887e-08
rs879268	-0.198115587234497	0.0377755612134933	-5.24454384978749	1.56669443577626e-07
rs4949686	0.315374761819839	0.0394483096897602	7.99463308567825	1.29960309575811e-15
rs10873863	-0.329786032438278	0.0380618125200272	-8.66448575628795	4.53555578967747e-18
rs1658739	0.329863011837006	0.0394624657928944	8.3589052333471	6.33029344175786e-17
rs10888337	-0.353763371706009	0.0694790408015251	-5.09165595300279	3.54949745203507e-07
rs10888337	-0.353763371706009	0.0694790408015251	-5.09165595300279	3.54949745203507e-07
rs7679753	-0.235917985439301	0.0378166176378727	-6.23847398776968	4.41860079638524e-10
rs11737481	0.254934996366501	0.0371492430567741	6.86245466635461	6.76872228260173e-12
rs4690909	-0.24172979593277	0.0369352884590626	-6.54468412235882	5.96212684290275e-11
rs8396	0.25941663980484	0.0371463671326637	6.9836341970768	2.876404255928e-12
rs7689418	-0.254803687334061	0.0371652878820896	-6.85595892980702	7.083572749212e-12
rs12505475	-0.254858523607254	0.037167701870203	-6.8569890195867	7.03270342481104e-12
rs2070630	0.254657953977585	0.0371357798576355	6.85748232442801	7.00846930032739e-12
rs6536380	-0.17802532017231	0.0356163904070854	-4.99840994939494	5.78049904261486e-07
rs11722868	-0.181317061185837	0.0366750322282314	-4.94388280445093	7.65817518478441e-07
rs6536381	0.18239389359951	0.0367441177368164	4.96389367424537	6.90937789343545e-07
rs1808641	-0.185875728726387	0.0368633158504963	-5.04229542128627	4.59980414508619e-07
rs6849801	0.186284676194191	0.0369145758450031	5.04637184445415	4.50278675387118e-07
rs17037847	-0.186401695013046	0.0370518565177917	-5.03083279844666	4.88353901129876e-07
rs9343134	-0.230846986174583	0.0449233464896679	-5.13868632266023	2.76665782673544e-07
