SNP	beta	se	Z	P
rs717274	-0.396354258060455	0.0788076370954514	-5.02938893574988	4.92045411169809e-07
rs17097725	0.288243234157562	0.0588071905076504	4.9014964270409	9.51093798570747e-07
rs16972374	-0.382757812738419	0.0585830509662628	-6.53359301752386	6.42102830423712e-11
rs16978053	0.330314457416534	0.0605381801724434	5.45629975125832	4.86158969370032e-08
rs6497714	-0.23956224322319	0.0487386807799339	-4.91523856184921	8.86744127957203e-07
rs17839572	0.279888957738876	0.0551892518997192	5.07143960290391	3.94817571487086e-07
rs16973284	-0.486916691064835	0.0922623351216316	-5.27752403429765	1.30941035070177e-07
rs6699702	-0.274387121200562	0.0542693994939327	-5.05601911499386	4.28098444071351e-07
rs4474255	-0.386973589658737	0.0750282630324364	-5.15770423062359	2.49996104530328e-07
rs3912913	0.291813790798187	0.059116069227457	4.93628542309527	7.96245529405621e-07
rs2038052	0.331305891275406	0.0641598775982857	5.16375503939955	2.42044409869545e-07
rs906907	-0.365259826183319	0.0744102001190186	-4.9087332865533	9.16665426635568e-07
rs17742796	0.271064281463623	0.0545574985444546	4.96841476782067	6.75024582386124e-07
rs6000350	-0.289490312337875	0.0521334186196327	-5.55287414489364	2.81010401516604e-08
rs6545856	-0.408115416765213	0.0814067125320435	-5.01328949507167	5.35072997925721e-07
rs3736124	0.324571400880814	0.0659219399094582	4.92357174753357	8.49786997183513e-07
rs10011674	-0.297057211399078	0.0429582521319389	-6.91502090184484	4.67794394520694e-12
rs1828825	-0.397828906774521	0.0779994204640388	-5.10040849544437	3.38921204722834e-07
rs17131936	0.273756951093674	0.0560217574238777	4.88661840831492	1.02582642391058e-06
rs2531809	0.244451060891151	0.0488039217889309	5.00884051794777	5.47589238540549e-07
rs2531813	-0.253936648368835	0.0488814041018486	-5.19495405327834	2.04770407795238e-07
rs2531814	-0.239285469055176	0.0484494082629681	-4.93887289100436	7.85754070197433e-07
rs2021745	-0.249071031808853	0.048659510910511	-5.11865054021846	3.07729554561911e-07
rs2859373	0.247613817453384	0.0485965274274349	5.09529858533873	3.48192034094341e-07
rs2859374	-0.248532101511955	0.0487394034862518	-5.09920277506186	3.41087003357016e-07
rs12663002	-0.251367539167404	0.0503266379237175	-4.99472147430976	5.89207399054251e-07
rs2505294	-0.182799533009529	0.0363992787897587	-5.02206469708849	5.11189569507101e-07
rs10485402	-0.352228820323944	0.061827290803194	-5.69697969534431	1.21948444474758e-08
rs17080674	-0.351311147212982	0.0710901021957397	-4.94177299458201	7.74153219037703e-07
rs17161967	-0.314631670713425	0.0577946454286575	-5.4439588370139	5.21092665917196e-08
rs7831991	0.343292087316513	0.06276835501194	5.46919044240065	4.52095776341577e-08
rs10979624	0.333842784166336	0.060348104685545	5.53195143254102	3.16687600969776e-08
