SNP	beta	se	Z	P
rs750400	0.327136218547821	0.0495333299040794	6.60436556923017	3.99223283562551e-11
rs7099820	-0.419644862413406	0.080781877040863	-5.1947896952324	2.04951393779754e-07
rs17366712	0.308943092823029	0.049372237175703	6.25742543777347	3.91384670685079e-10
rs17149878	0.395695775747299	0.0482192970812321	8.2061705520239	2.28354974038507e-16
rs16927065	-0.364911258220673	0.0544587969779968	-6.70068526060371	2.07444416421122e-11
rs896217	-0.352708488702774	0.0440944768488407	-7.99892671165793	1.25508389323669e-15
rs11010640	0.42772388458252	0.0614202469587326	6.96389066735439	3.31001528488514e-12
rs11011319	-0.384421318769455	0.0459281802177429	-8.37005335170989	5.75921525333993e-17
rs3964884	0.639326393604279	0.109230853617191	5.852983588729	4.82831786330963e-09
rs7088215	0.553479909896851	0.0606070011854172	9.13227678438618	6.70735732017331e-20
rs7907014	-0.683257520198822	0.0602763742208481	-11.3354117435036	8.7619057297588e-30
rs17291576	0.400611340999603	0.0720514431595802	5.56007379494572	2.6966060572865e-08
rs2137949	0.357641518115997	0.0565800406038761	6.32098376563371	2.59903332458331e-10
rs7909124	0.305247813463211	0.0572691485285759	5.33005678111138	9.81820648525462e-08
rs17095224	0.525779962539673	0.0589061826467514	8.92571779252223	4.42818169283994e-19
rs12572201	0.262012451887131	0.0456033498048782	5.74546503728775	9.16686977369958e-09
rs626114	0.490221828222275	0.061628483235836	7.95446849383466	1.79902145213786e-15
rs954423	-0.371793508529663	0.0541402921080589	-6.86722391130802	6.54632791219336e-12
rs1235048	-0.384402215480804	0.0748241692781448	-5.13740705963418	2.7855515219763e-07
rs392884	0.378414571285248	0.0723644271492958	5.22928994524529	1.70162316229046e-07
rs7946652	-0.276630938053131	0.0519466251134872	-5.3252918249988	1.00791090139796e-07
rs11022092	0.375848323106766	0.0722842216491699	5.1995900976971	1.99728495201577e-07
rs2015970	0.442514717578888	0.0807370916008949	5.48093458414822	4.23084906144926e-08
rs4497406	0.775581777095795	0.13247574865818	5.85451892102144	4.78392748640933e-09
rs7116837	0.312755882740021	0.0558358132839203	5.60134910455561	2.1268989114786e-08
rs16922509	-0.505765974521637	0.0567772649228573	-8.90789606031245	5.20101231843233e-19
rs224678	-0.491077363491058	0.0589435920119286	-8.33131043984692	7.99523740531859e-17
rs7944767	-0.429074794054031	0.0557797253131866	-7.69230740461527	1.44504909585799e-14
rs7104008	0.391015350818634	0.0751476883888245	5.2032918004805	1.95789077057513e-07
rs4075062	-0.458046197891235	0.0920187309384346	-4.97774956489774	6.43278120279697e-07
rs642302	-0.453227251768112	0.055533517152071	-8.16132805935937	3.31360831961464e-16
rs7106945	0.584552109241486	0.0535640567541122	10.9131410999151	9.97490130688764e-28
rs1534083	0.331631600856781	0.0589285045862198	5.62769415557733	1.82634541135056e-08
rs17129573	0.44298654794693	0.056822519749403	7.79596804049831	6.39165639743736e-15
rs11821455	0.269941985607147	0.0511846803128719	5.27388241866702	1.33567501034692e-07
rs7934489	-0.520846426486969	0.0629646554589272	-8.27204441429407	1.3168122778523e-16
rs2023	0.356692552566528	0.0616025365889072	5.79022508353589	7.02921626608811e-09
rs1899053	-0.405857980251312	0.056212093681097	-7.22011854875624	5.19422727158686e-13
rs7114310	-0.454120665788651	0.0568935200572014	-7.98194004048392	1.440510051298e-15
rs2875369	0.361813455820084	0.0583003424108028	6.20602625745542	5.43411028395164e-10
rs7308757	0.409094214439392	0.0614605955779552	6.65620322407235	2.80991662717228e-11
rs12424392	0.582086563110352	0.0643708184361458	9.04270874989366	1.52836670330809e-19
rs7316738	-0.408157259225845	0.0585999563336372	-6.96514613256729	3.28063038882484e-12
rs17120784	-0.391785979270935	0.0771642103791237	-5.07730173542902	3.82832650827585e-07
rs17126223	0.407759875059128	0.0548818781971931	7.4297726035182	1.08784531867289e-13
rs17125833	-0.304483890533447	0.0600540712475777	-5.07016234216974	3.97476511008031e-07
rs11177477	0.320355087518692	0.060755118727684	5.27289048606068	1.34291705044522e-07
rs11115141	-0.672586679458618	0.0591911785304546	-11.3629546861035	6.39446620200032e-30
rs1398441	0.494626313447952	0.0640190988779068	7.72623048617526	1.10777975862813e-14
rs17034050	-0.293809533119202	0.0517669804394245	-5.67561659237601	1.3818998258339e-08
rs7969190	0.259794533252716	0.040284588932991	6.4489806184905	1.12604960699624e-10
rs16947962	0.355831891298294	0.057019729167223	6.24050476028636	4.36161121082686e-10
rs7137923	0.502688467502594	0.0761124417185783	6.60455053276648	3.98725191328409e-11
rs1399501	-0.387644410133362	0.0571562461555004	-6.78218805830476	1.18369249541336e-11
rs12307807	-0.444241106510162	0.0500508546829224	-8.87579461578584	6.9435873296532e-19
rs1399501	-0.387644410133362	0.0571562461555004	-6.78218805830476	1.18369249541336e-11
rs12307807	-0.444241106510162	0.0500508546829224	-8.87579461578584	6.9435873296532e-19
rs11839873	-0.484633445739746	0.0579655840992928	-8.36071012257183	6.23418553482113e-17
rs17086569	0.523272633552551	0.0644602328538895	8.11775897146759	4.74870714374214e-16
rs4943124	0.457446247339249	0.0507337898015976	9.0165991763707	1.9401876026959e-19
rs7322672	-0.608821868896484	0.0593354515731335	-10.2606764211794	1.05961866757723e-24
rs1324049	0.365773409605026	0.0570019036531448	6.4168630547981	1.39110952649356e-10
rs9562483	0.439054489135742	0.063162550330162	6.95118368148096	3.62233857331439e-12
rs17837241	-0.531258702278137	0.0864733159542084	-6.14361432097114	8.06645671966317e-10
rs17081545	0.284025758504868	0.0527567453682423	5.38368613382738	7.29757086204317e-08
rs12429576	-0.364984422922134	0.0482729859650135	-7.56084206571894	4.00468255913217e-14
rs4884978	0.289867341518402	0.0491524152457714	5.89731633875996	3.69461137247546e-09
rs6563008	-0.644877374172211	0.0657368004322052	-9.80999029359936	1.0197836924897e-22
rs11838885	0.679845690727234	0.0640706047415733	10.610883001173	2.65230539485303e-26
rs9588542	-0.475443303585052	0.079961009323597	-5.94593924722691	2.74876089757315e-09
rs2780383	0.402025640010834	0.0795472338795662	5.05392356721665	4.32824878303626e-07
rs7996217	-0.383674442768097	0.0598267875611782	-6.41308782250352	1.42601314122778e-10
rs16960473	-0.47207248210907	0.0561554506421089	-8.4065300288959	4.22319234708335e-17
rs16964823	-0.47650471329689	0.0541175231337547	-8.80499856061742	1.30854260669186e-18
rs16965962	-0.397667914628983	0.0593217611312866	-6.70357567013045	2.0338029870738e-11
rs9583137	-0.75484973192215	0.115594901144505	-6.53013000096357	6.57126291579492e-11
rs1885444	-0.303159981966019	0.0553950034081936	-5.47269542944333	4.43241525834897e-08
rs17126879	0.403854042291641	0.0630570352077484	6.40458342135971	1.50780495254866e-10
rs11851966	0.544842541217804	0.0643633753061295	8.46510206505464	2.55928470220836e-17
rs7160492	-0.484484016895294	0.0565913505852222	-8.56109656131459	1.11799017386489e-17
rs10147137	0.313829600811005	0.0570243969559669	5.50342691135056	3.72478988373909e-08
rs1958798	0.582285761833191	0.102033235132694	5.7068244584809	1.15103382220847e-08
rs7182214	-0.366736203432083	0.0666422173380852	-5.50306124376954	3.73252686241155e-08
rs1402861	-0.533140599727631	0.0620811507105827	-8.5878015085946	8.86492486116868e-18
rs7175592	-0.42868909239769	0.0831699669361115	-5.1543737263596	2.54479971241183e-07
rs16960733	-0.346183001995087	0.0653417333960533	-5.2980382368613	1.17053458312304e-07
rs16963855	0.373963922262192	0.0615453757345676	6.07623103764969	1.23040102332907e-09
rs6495159	-0.493717968463898	0.0582479424774647	-8.47614434887396	2.32779907570749e-17
rs9920411	0.420351147651672	0.0776515677571297	5.41329891711139	6.18740709960154e-08
rs3825806	-0.343284964561462	0.0518742315471172	-6.61763951625302	3.64979706613801e-11
rs2175797	-0.284702003002167	0.0548037700355053	-5.19493463346991	2.04791784236472e-07
rs2175797	-0.284702003002167	0.0548037700355053	-5.19493463346991	2.04791784236472e-07
rs7191272	-0.429964691400528	0.0750881060957909	-5.72613578576634	1.0274399575331e-08
rs12599624	-0.437385141849518	0.0818208903074265	-5.34564143956545	9.00974096203748e-08
rs4473208	0.463314533233643	0.0587832108139992	7.88174934335681	3.22829130348703e-15
rs7195410	0.413894176483154	0.0664806067943573	6.22578818757539	4.79141031563855e-10
rs13334631	0.574272334575653	0.058819517493248	9.76329557007289	1.61809835858413e-22
rs9937935	0.466023653745651	0.0542948842048645	8.58319638342461	9.2272631752456e-18
rs729516	-0.306488543748856	0.0573491454124451	-5.34425651061831	9.07889252483539e-08
rs1364222	0.403883725404739	0.0586055666208267	6.89155909058664	5.51841897134495e-12
rs8047657	0.457019865512848	0.0665232166647911	6.87008067898701	6.4165604503409e-12
rs16968798	0.361904323101044	0.0549329817295074	6.58810630165823	4.45471670460293e-11
rs12598102	0.413479268550873	0.0582797266542912	7.09473589338512	1.29598741004836e-12
rs16973284	-0.459510266780853	0.0922628790140152	-4.98044578373769	6.34379733955868e-07
rs13339024	-0.500637531280518	0.0662034004926682	-7.5621120298188	3.96576580775516e-14
rs8051738	0.411698967218399	0.0799793228507042	5.14756755301504	2.63885985188752e-07
rs16949485	0.38015416264534	0.0520395673811436	7.30509844290304	2.77063818098016e-13
rs12925978	-0.34031093120575	0.050670437514782	-6.71616326791083	1.86571742188704e-11
rs9927071	-0.48642435669899	0.055681299418211	-8.73586575351906	2.41797000502856e-18
rs2191073	-0.38637512922287	0.0630949810147285	-6.12370624428395	9.14233814927549e-10
rs16965654	-0.43196040391922	0.0765441656112671	-5.64328320087712	1.66837575822991e-08
rs2239999	-0.664251148700714	0.0592061094939709	-11.2193007508517	3.27852457812063e-29
rs2071600	-0.580129981040955	0.0614207871258259	-9.4451733393209	3.54816552696389e-21
rs7207260	0.546816170215607	0.0579712577164173	9.43253936097975	4.00278769834403e-21
rs16954302	-0.376738905906677	0.0513329990208149	-7.33911739218498	2.15006969147485e-13
rs4988342	-0.571681499481201	0.047671627253294	-11.992070177166	3.91009173134933e-33
rs9901735	0.289877712726593	0.0511957034468651	5.66214922757045	1.49488733683916e-08
rs16967340	0.437967509031296	0.055060438811779	7.95430473281303	1.80140241463303e-15
rs9903454	0.354440778493881	0.0689869299530983	5.13779608303852	2.77979281057995e-07
rs9906208	-0.317191749811172	0.0609646923840046	-5.20287624537238	1.96227547741538e-07
rs7221436	-0.318237125873566	0.061260350048542	-5.19483035309786	2.04906608212723e-07
rs4788932	-0.306768000125885	0.0539158843457699	-5.68975180224329	1.27224155634994e-08
rs6506018	0.427649319171906	0.0615103505551815	6.95247735238085	3.58926471697862e-12
rs867514	0.568199276924133	0.0545005202293396	10.425575288697	1.89508995362675e-25
rs9960403	0.554225862026215	0.0694693922996521	7.97798632864952	1.48739864756757e-15
rs1007922	0.555026233196259	0.0698314607143402	7.94808281995857	1.89420008738283e-15
rs12959057	-0.327781319618225	0.0606284439563751	-5.40639505533209	6.43058766938542e-08
rs16940554	1.02262592315674	0.180052801966667	5.67958905380466	1.3501873890875e-08
rs16941197	0.526611089706421	0.0595754906535149	8.8393915674004	9.62412630591992e-19
rs8092639	-0.33919033408165	0.0554000549018383	-6.12256313974149	9.20819083281973e-10
rs7240408	-0.316736936569214	0.0537992902100086	-5.88738132664601	3.92362714361896e-09
rs4575606	0.278973609209061	0.0509678535163403	5.4735208560357	4.41180932836634e-08
rs16975303	-0.676453053951263	0.0585567690432072	-11.5520897925931	7.20469528355322e-31
rs2337145	0.639502704143524	0.0618807338178158	10.3344395692898	4.92281163732479e-25
rs16954543	0.480624794960022	0.052850179374218	9.09409959721889	9.53734223696472e-20
rs17090144	0.245807990431786	0.0473521091043949	5.19106741137686	2.09091900330648e-07
rs17074208	0.307945847511292	0.0482110418379307	6.38745473591926	1.68669510414366e-10
rs4891786	0.267105430364609	0.0450486093759537	5.92927138184172	3.04281835383883e-09
rs4891981	0.455742716789246	0.0559301525354385	8.1484261374127	3.68691132757733e-16
rs17058466	0.504528224468231	0.0617883987724781	8.16541995732958	3.20318876504841e-16
rs12964109	0.328324824571609	0.0609732568264008	5.3847349093783	7.25514947929004e-08
rs17058466	0.504528224468231	0.0617883987724781	8.16541995732958	3.20318876504841e-16
rs12964109	0.328324824571609	0.0609732568264008	5.3847349093783	7.25514947929004e-08
rs17721902	0.420717269182205	0.0534023381769657	7.87825558851045	3.31983109228388e-15
rs4563151	0.338429719209671	0.0539379045367241	6.27443209217088	3.50912742961138e-10
rs10407726	-0.251233011484146	0.0460865162312984	-5.45133440382565	4.99932611015976e-08
rs8108990	-0.34159854054451	0.0654217824339867	-5.22148018344192	1.7749862616463e-07
rs1060455	0.316211611032486	0.0601587034761906	5.25629032476797	1.46990184707347e-07
rs4287688	-0.584605932235718	0.0524861998856068	-11.1382788906391	8.1682613832066e-29
rs8107057	-0.454176008701324	0.0498213097453117	-9.11609933626972	7.78768701387993e-20
rs16841063	-0.307101786136627	0.0568170882761478	-5.40509546430859	6.4773884596133e-08
rs1064721	0.329394698143005	0.0510816760361195	6.44839252944818	1.13042678395875e-10
rs17350963	-0.46438392996788	0.0554349385201931	-8.37709831316437	5.42485309263503e-17
rs12082114	0.458364933729172	0.0643134564161301	7.12704555580707	1.02546160416651e-12
rs12565101	-0.236600130796432	0.0432626307010651	-5.46892611388533	4.52770428922457e-08
rs935098	-0.667771875858307	0.0529143363237381	-12.6198667932406	1.64098618795889e-36
rs728567	-0.409403502941132	0.0727937817573547	-5.62415488050623	1.86418341449521e-08
rs16865746	0.664234459400177	0.0578381717205048	11.4843612728632	1.58099574229054e-30
rs732509	0.236499771475792	0.0441532507538795	5.35633882982018	8.49251841330324e-08
rs1229948	0.46889853477478	0.0674298107624054	6.95387588179631	3.55384309745928e-12
rs10493250	-0.5113485455513	0.0688436403870583	-7.42768021383464	1.10518753042911e-13
rs17265796	-0.292693048715591	0.0583993829786777	-5.0119202256376	5.38895459800428e-07
rs2474362	-0.251581490039825	0.0435878969728947	-5.77181987459207	7.84199206579003e-09
rs4915751	-0.469698995351791	0.0840720757842064	-5.58686092820403	2.31210732593037e-08
rs7536176	-0.331374824047089	0.0610377788543701	-5.42901183933504	5.66669252779895e-08
rs17120945	-0.34579536318779	0.0642073154449463	-5.38560693265999	7.22005940881712e-08
rs17029998	-0.463855504989624	0.0578730590641499	-8.01505074192569	1.10091555704621e-15
rs17022585	-0.444812476634979	0.0565304756164551	-7.86854297234148	3.58795315152369e-15
rs17023756	-0.39985117316246	0.0739998072385788	-5.40340830717736	6.53863874176618e-08
rs6670659	-0.314402163028717	0.063089944422245	-4.98339578371639	6.24779709386048e-07
rs12088665	-0.428011149168015	0.0738232135772705	-5.79778539063485	6.71963658196941e-09
rs480348	-0.29176276922226	0.0558907203376293	-5.22023633726235	1.78694944452923e-07
rs12095440	0.415738672018051	0.0708667412400246	5.86648496521027	4.45130609102524e-09
rs1074514	0.342861890792847	0.0535907782614231	6.39777778781865	1.57654492613338e-10
rs16845467	0.402962267398834	0.0546785891056061	7.3696537162024	1.71071810473655e-13
rs494885	-0.361056387424469	0.0630635172128677	-5.72528148415417	1.03262381622366e-08
rs7542547	0.36563441157341	0.0572767220437527	6.38364764125482	1.72918719452793e-10
rs1877394	0.344647616147995	0.058732021600008	5.86813814268481	4.40715997136588e-09
rs17014148	0.440315693616867	0.0569242872297764	7.73511123362021	1.03312734923616e-14
rs6426151	0.530367136001587	0.0516596212983131	10.2665703439623	9.96857206012982e-25
rs906907	-0.408071130514145	0.0744106397032738	-5.48404276782735	4.15714200233305e-08
rs16850603	-0.401102215051651	0.0801817774772644	-5.00241111723152	5.66176882540141e-07
rs16842608	0.523968100547791	0.0618257969617844	8.47491057610895	2.35260180255557e-17
rs7274772	-0.429488033056259	0.0699456483125687	-6.14031099028477	8.23600791202819e-10
rs7269135	-0.509796500205994	0.0613734982907772	-8.30645986302858	9.85995596557308e-17
rs16997748	-0.330551475286484	0.0632333010435104	-5.22749041773153	1.71826300603438e-07
rs1572581	0.465663462877274	0.0569095090031624	8.18252469638066	2.77957756186388e-16
rs6098359	0.485730350017548	0.0696186572313309	6.9770140553494	3.01519553802599e-12
rs11697337	-0.310008436441422	0.0434725061058998	-7.1311379124598	9.95425171816606e-13
rs6027584	0.305805087089539	0.0501544550061226	6.09726667455977	1.07897439607867e-09
rs6027584	0.305805087089539	0.0501544550061226	6.09726667455977	1.07897439607867e-09
rs12482461	-0.294256210327148	0.0478788539767265	-6.14584907295783	7.95368860064748e-10
rs9984764	-0.440688490867615	0.06888397783041	-6.39754707477223	1.57892810870521e-10
rs16989975	-0.773578226566315	0.0563455522060394	-13.7291799668155	6.78976379295647e-43
rs10483037	0.470329225063324	0.0736022442579269	6.39014787939255	1.65725406398542e-10
rs17206058	-0.429954826831818	0.0579029396176338	-7.42544039510007	1.12405279049126e-13
rs11912930	0.498998910188675	0.0523631907999516	9.52957416393991	1.57929711244542e-21
rs17824359	0.646300673484802	0.0583915524184704	11.0683934013778	1.78573302182789e-28
rs12622577	0.280743658542633	0.0519484616816044	5.40427280144174	6.50718451744396e-08
rs2100632	-0.228205189108849	0.0397904738783836	-5.73517143340237	9.74137634808349e-09
rs16861831	0.540574073791504	0.0639083683490753	8.45858042938637	2.70651925482223e-17
rs1366834	-0.302310913801193	0.0574141405522823	-5.26544351083517	1.39851318370353e-07
rs17024172	-0.474534332752228	0.0573506392538548	-8.27426405225871	1.29251443438137e-16
rs12713666	-0.239725351333618	0.0463249236345291	-5.17486770674209	2.28072523760693e-07
rs10187847	-0.354396492242813	0.0595037415623665	-5.95586904180414	2.58693426642777e-09
rs11900251	-0.501859426498413	0.0775103867053986	-6.47473774586985	9.497675648658e-11
rs17041554	-0.258078366518021	0.0481222979724407	-5.36296846559199	8.18653024952926e-08
rs34026418	-0.361372113227844	0.0538795068860054	-6.70704195553257	1.98609174409229e-11
rs17041888	-0.350898116827011	0.0565906092524529	-6.20064214650245	5.62332443319039e-10
rs924805	-0.42906442284584	0.0645811632275581	-6.64380140280207	3.05694411089971e-11
rs10174327	0.796164929866791	0.0621075257658958	12.8191377783717	1.28117267634489e-37
rs17006855	0.526529967784882	0.0601781979203224	8.74951371063026	2.14274095050513e-18
rs13383714	0.333880186080933	0.0521031245589256	6.40806456248769	1.47378502692333e-10
rs2376105	0.313923984766006	0.0502025559544563	6.25314745031702	4.02262013543843e-10
rs10496822	-0.46906366944313	0.0480643399059772	-9.75907856761803	1.68680793685024e-22
rs16827262	0.736847281455994	0.0969822630286217	7.59775301632767	3.01316701778068e-14
rs16830618	0.462476938962936	0.0617408230900764	7.49061829461211	6.85499097477441e-14
rs3755414	0.458497762680054	0.0567936822772026	8.07304165350973	6.85682023047922e-16
rs10177381	-0.305882573127747	0.0513508841395378	-5.95671483078188	2.57358737760104e-09
rs2110733	0.254314363002777	0.0440821945667267	5.76909488065129	7.96984255247211e-09
rs4500910	-0.36736661195755	0.0421960651874542	-8.70618173342798	3.1428278814295e-18
rs13391565	0.41409957408905	0.061076894402504	6.77997102079363	1.20199990498112e-11
rs16841092	0.428315252065659	0.074663832783699	5.73658270807618	9.6605884186405e-09
rs13424542	0.461139649152756	0.0578588359057903	7.97008169856053	1.58569504962741e-15
rs6436032	0.493393182754517	0.0877998992800713	5.61951877849713	1.91490066300038e-08
rs3731895	-0.371185451745987	0.0565516240894794	-6.56365679540299	5.2503970378892e-11
rs7578326	0.207551926374435	0.0412123538553715	5.03615801957847	4.74968506202545e-07
rs6436603	-0.253154247999191	0.0500250905752182	-5.06054552002351	4.18058633718448e-07
rs13405357	-0.274601876735687	0.0487874262034893	-5.62853788577286	1.81743586949461e-08
rs13423088	-0.207296535372734	0.0397701002657413	-5.21237145462525	1.86441754895619e-07
rs2894586	0.252880126237869	0.0428214333951473	5.90545682822767	3.51670874084442e-09
rs6713510	-0.25279513001442	0.0428371950984001	-5.90129978010305	3.60648911434102e-09
rs4072096	0.253071397542953	0.0428225919604301	5.90976365411981	3.42598922672028e-09
rs4645008	-0.25289586186409	0.0428385138511658	-5.90346954478225	3.55935356453737e-09
rs2943644	0.258211612701416	0.0427509546279907	6.03990285008407	1.5420704544073e-09
rs2943651	-0.214665398001671	0.0399083197116852	-5.3789635733227	7.4915863352847e-08
rs2943653	-0.70823210477829	0.0571897588670254	-12.3838973761899	3.19445092828571e-35
rs2943632	-0.212711378931999	0.0400202237069607	-5.31509719909442	1.0660040900101e-07
rs2943633	-0.252224057912827	0.0427960902452469	-5.89362384431461	3.77816695693134e-09
rs1226989	-0.252688407897949	0.0418539196252823	-6.03738933319186	1.56627507224883e-09
rs7570779	-0.457102984189987	0.0587426126003265	-7.78145478989891	7.16952524321865e-15
rs28689520	0.334691762924194	0.0550890825688839	6.0754644535184	1.23629364865077e-09
rs3731115	-0.508668839931488	0.0586940832436085	-8.66644151882003	4.45835557314368e-18
rs11927632	-0.597994029521942	0.0670915842056274	-8.91310045219926	4.96249851982541e-19
rs3736124	-0.338188350200653	0.0659223273396492	-5.13010331777605	2.89583193002447e-07
rs7634147	0.551071465015411	0.0655512511730194	8.4067268763625	4.21611337834199e-17
rs1513471	0.446305185556412	0.0533868558704853	8.35983273933819	6.28072389110259e-17
rs17067809	0.400627821683884	0.0735232383012772	5.44899586770411	5.0654990140896e-08
rs4422316	0.352762043476105	0.0540264099836349	6.52943705833795	6.60173469419071e-11
rs9866620	-0.504540920257568	0.0619902350008488	-8.13903867682805	3.98428694008857e-16
rs9811981	-0.352514207363129	0.0596573725342751	-5.90897976877205	3.44232971271012e-09
rs4073921	-0.381629645824432	0.0514149479568005	-7.42254268437813	1.14892944060948e-13
rs6797202	0.372517704963684	0.066346175968647	5.61475773885934	1.96837828009007e-08
rs3919917	-0.440831691026688	0.060490719974041	-7.28759206727687	3.15543671134986e-13
rs2055202	-0.476117879152298	0.057844702154398	-8.23096777093697	1.85706933725741e-16
rs9835919	0.447513937950134	0.0604734234511852	7.40017535655761	1.36004777399399e-13
rs1282952	-0.493680506944656	0.0527975894510746	-9.35043648919104	8.72867544474395e-21
rs16828526	-0.645382285118103	0.0525909140706062	-12.2717449681829	1.28454754843169e-34
rs10934497	-0.336924970149994	0.0657985955476761	-5.12054957017838	3.04646521603269e-07
rs9850986	-0.333932608366013	0.0654629021883011	-5.10109691448556	3.37690578620974e-07
rs702033	1.1524076461792	0.180512472987175	6.38408873973532	1.72421089650309e-10
rs820349	-1.10023283958435	0.154062733054161	-7.14145996097292	9.23447757638512e-13
rs2605420	0.870412349700928	0.107916429638863	8.06561477815491	7.28682391630602e-16
rs866580	0.522144138813019	0.0602011270821095	8.67332829335332	4.19669776420751e-18
rs1389813	-0.436602830886841	0.0770243629813194	-5.66837314828205	1.44159740251855e-08
rs6779740	-0.457651287317276	0.0870400294661522	-5.25794039965538	1.45677713294388e-07
rs1474024	0.27239665389061	0.0487140491604805	5.5917473210499	2.24795800217528e-08
rs9848846	0.336047053337097	0.0633828714489937	5.30185909307573	1.14629305045147e-07
rs16855638	-0.439443856477737	0.0599105544388294	-7.33499899298083	2.21723153476274e-13
rs1805624	0.531244218349457	0.0547939650714397	9.69530527051341	3.1569219209276e-22
rs6803943	-0.846713602542877	0.095592238008976	-8.85755601268977	8.17877204367555e-19
rs9827686	-0.416130572557449	0.0803859308362007	-5.17665925154717	2.25894240382576e-07
rs4698005	-0.221668839454651	0.041883572936058	-5.29250070888327	1.20655001964666e-07
rs7664737	0.383955895900726	0.0621803104877472	6.17487903950537	6.62141447721884e-10
rs16891362	-0.403367578983307	0.0807236507534981	-4.9968946550132	5.82608738602095e-07
rs16895955	-0.497442573308945	0.0540009140968323	-9.21174357191344	3.20869865618463e-20
rs2016836	-0.443211674690247	0.0617899335920811	-7.17287831406649	7.3437125027685e-13
rs10017426	-0.421255737543106	0.0545381642878056	-7.72405421128735	1.12686879241449e-14
rs16876966	-0.444377034902573	0.0602191165089607	-7.37933501293479	1.59082079666782e-13
rs10517084	-0.448420226573944	0.0700706243515015	-6.39954661063806	1.55839003395263e-10
rs2309412	-0.56176483631134	0.0628801509737968	-8.93389770239955	4.11257624162895e-19
rs16880551	-0.428839892148972	0.0551120564341545	-7.78123553893024	7.18196354602999e-15
rs10007711	-0.257421553134918	0.051578763872385	-4.99084378547389	6.01161020916628e-07
rs6827600	0.46771377325058	0.0816035121679306	5.73153974412375	9.95230221951829e-09
rs6447105	-0.374145269393921	0.0617569163441658	-6.05835413330618	1.3752137350886e-09
rs16856644	0.430490285158157	0.0522136352956295	8.24478668686359	1.65455112134633e-16
rs17084573	-0.504257917404175	0.099538654088974	-5.06595073059193	4.0636701992034e-07
rs17083864	0.443417817354202	0.0724635049700737	6.1191881007871	9.40533288998654e-10
rs10017180	0.552049517631531	0.0629264786839485	8.77292880798604	1.74078103512284e-18
rs17004975	0.378824293613434	0.0627678409218788	6.03532458739374	1.58643476538712e-09
rs17031772	0.649298429489136	0.0575072728097439	11.2907185085487	1.45839563679416e-29
rs12649290	-0.291587173938751	0.0468922704458237	-6.21823535449477	5.02777046818689e-10
rs1912043	0.462733268737793	0.052990909665823	8.73231412059033	2.49514101382461e-18
rs17010566	0.508589029312134	0.0921728909015656	5.51777235516322	3.43323758159748e-08
rs17020200	-0.493381679058075	0.0893359184265137	-5.52276942743834	3.3369752682495e-08
rs9308221	0.452991515398026	0.0758466720581055	5.97246396059399	2.33696782745019e-09
rs6836377	0.332722872495651	0.0482995100319386	6.88874218963369	5.62878413469918e-12
rs4696202	-0.447240471839905	0.0800053179264069	-5.59013429896373	2.26894058266056e-08
rs12504090	-0.354530870914459	0.0594430938363075	-5.96420623547548	2.45826094412499e-09
rs2086753	-0.2657490670681	0.0516659542918205	-5.14360124981127	2.69521288469269e-07
rs17053323	0.317920297384262	0.0619758032262325	5.12974872183175	2.90129197825866e-07
rs13133012	-0.591025948524475	0.0710837319493294	-8.31450364685095	9.21370700660259e-17
rs6553325	0.256030887365341	0.0503203980624676	5.08801395107219	3.61832758686608e-07
rs6553325	0.256030887365341	0.0503203980624676	5.08801395107219	3.61832758686608e-07
rs13356428	0.607815265655518	0.0583291128277779	10.4204442033972	2.00016818807301e-25
rs2914294	0.257557213306427	0.0504743978381157	5.10272978654404	3.34788861909661e-07
rs6871808	-0.406458705663681	0.0669546872377396	-6.07065348868625	1.27390794152892e-09
rs6893203	-0.497294366359711	0.0543635599315166	-9.14756809499171	5.82295847595578e-20
rs10065849	0.509749948978424	0.0583026483654976	8.74316970616526	2.26659829699545e-18
rs16901499	0.275269389152527	0.050127912312746	5.49133958412496	3.98896535675551e-08
rs10447140	0.411481976509094	0.0656056329607964	6.27205253480263	3.5631930528976e-10
rs16902999	-0.469063013792038	0.0473734177649021	-9.90139694205378	4.10500501150133e-23
rs12110149	0.460284799337387	0.0823766514658928	5.58756384420363	2.30277111016036e-08
rs10038691	0.372604548931122	0.060222540050745	6.1871277534484	6.12703094529051e-10
rs16895228	0.466752737760544	0.0563803017139435	8.27864916595703	1.24580375730243e-16
rs12658469	-0.255818098783493	0.0507651604712009	-5.0392453487588	4.67371029859149e-07
rs1390315	-0.36106014251709	0.049887839704752	-7.23743791380683	4.57239944117581e-13
rs6886286	0.35130563378334	0.0558482259511948	6.29036335174447	3.16723745511854e-10
rs7735525	0.480667233467102	0.0543996691703796	8.83584846741721	9.93413613490997e-19
rs7706741	-0.569206893444061	0.108095616102219	-5.26577222989135	1.39601281182849e-07
rs291124	-0.48636132478714	0.064424455165863	-7.54932771313294	4.3751072591008e-14
rs7735432	-0.582929611206055	0.0619648098945618	-9.40742999450749	5.08415828009019e-21
rs17131936	-0.286312580108643	0.0560220889747143	-5.11070874629239	3.20952459958853e-07
rs2636971	-0.415372759103775	0.0794552862644196	-5.22775486229392	1.71580792075369e-07
rs10042385	-0.417164117097855	0.0600840896368027	-6.94300470589694	3.83846629445028e-12
rs64827	0.482892036437988	0.0611234940588474	7.90026885526337	2.78302479577681e-15
rs17057171	0.455466896295547	0.0580084249377251	7.85173699828108	4.10314242780114e-15
rs7718064	0.40388748049736	0.0504238456487656	8.00985080175549	1.1484768700305e-15
rs17059516	0.439540535211563	0.057228110730648	7.68050053723285	1.58468182657575e-14
rs3749796	-0.440037995576859	0.0838702991604805	-5.24664869425199	1.54890845332217e-07
rs3749796	-0.440037995576859	0.0838702991604805	-5.24664869425199	1.54890845332217e-07
rs6939502	0.442952930927277	0.0545696727931499	8.11719968720209	4.77063457100984e-16
rs1449647	0.524114549160004	0.0592986382544041	8.83855961264132	9.69604999494651e-19
rs6906239	-0.3618044257164	0.0717734321951866	-5.04092412262631	4.6328914569986e-07
rs9463383	-0.369981050491333	0.0621975734829903	-5.94848045949115	2.70643189679364e-09
rs9473819	0.475596308708191	0.0758030787110329	6.27410280420404	3.51656111026231e-10
rs1326595	0.551227509975433	0.0656039342284203	8.40235446941588	4.37614515243375e-17
rs16884106	-0.511947870254517	0.0600904710590839	-8.51961818956528	1.60080174393166e-17
rs11756296	-0.405308604240417	0.0496378056704998	-8.1653207422361	3.20582267275464e-16
rs6912856	0.405611157417297	0.0655812248587608	6.18486706051683	6.21548267061891e-10
rs6904134	-0.494510054588318	0.0864918082952499	-5.71742069376385	1.08153123568709e-08
rs17057822	-0.34577089548111	0.0652407109737396	-5.29992531228374	1.15850062342592e-07
rs1770727	0.350538313388824	0.0693054273724556	5.05787680241822	4.23950164015079e-07
rs1724770	0.371620863676071	0.0551925078034401	6.73317590495332	1.65999170826382e-11
rs4897235	-0.323079317808151	0.0581492371857166	-5.55603707708672	2.75968276209686e-08
rs7770641	0.328922510147095	0.0534894876182079	6.14929259548804	7.78292859183154e-10
rs9495404	-0.437626421451569	0.0808107182383537	-5.41545021491798	6.11346811859873e-08
rs7740146	-0.330316305160522	0.0653427615761757	-5.05513230834977	4.30092496197652e-07
rs3901447	0.528615295886993	0.0621265172958374	8.50869031286277	1.75908981950899e-17
rs6941782	0.546410024166107	0.0653429627418518	8.36218624375497	6.15665503149708e-17
rs6918096	0.457386553287506	0.0719213411211967	6.35953871489619	2.02360524294761e-10
rs4870093	-0.449177861213684	0.0684202462434769	-6.56498457511044	5.20382488024735e-11
rs10242763	-0.263655304908752	0.0444864071905613	-5.92664864526735	3.09179519588305e-09
rs6970485	0.323990017175674	0.0496208369731903	6.52931383141971	6.6071679855128e-11
rs17168937	-0.681433379650116	0.057587455958128	-11.833017595804	2.63495631212142e-32
rs1880596	-0.363318234682083	0.065813772380352	-5.52039826227235	3.38232179958177e-08
rs10238642	-0.386918842792511	0.0565452128648758	-6.84264543697303	7.7743909143899e-12
rs16888146	0.61131876707077	0.0599575266242027	10.1958636636622	2.06897311651543e-24
rs10239435	0.350863993167877	0.0585019029676914	5.99748000268721	2.00403035063754e-09
rs17161937	0.343250095844269	0.0433273687958717	7.92224650108396	2.33257302269466e-15
rs292552	0.635654807090759	0.0884104147553444	7.18981817752793	6.48776610280578e-13
rs17161201	-0.50123518705368	0.0617181845009327	-8.12135339214499	4.61013492512862e-16
rs4270992	-0.411128163337708	0.0441200062632561	-9.31840673105486	1.18100359380907e-20
rs10091631	-0.318428158760071	0.0526850558817387	-6.04399394535789	1.50345155604262e-09
rs2705189	0.317656904459	0.0548009350895882	5.79655992985697	6.76890030735175e-09
rs17124170	0.302327215671539	0.0531803444027901	5.68494279355734	1.30856454806119e-08
rs7828187	0.569404125213623	0.0577856600284576	9.85372711730228	6.60482527894688e-23
rs2705040	0.597479939460754	0.0571807660162449	10.4489670406131	1.48129758255457e-25
rs4469409	-0.301609575748444	0.0541413649916649	-5.57077893759932	2.53602940051661e-08
rs4626588	0.468575656414032	0.0619735904037952	7.56089252471867	4.00312915510678e-14
rs2128817	0.400553554296494	0.0602151602506638	6.65203833435083	2.89061384304625e-11
rs9643838	-0.370385766029358	0.0527143403887749	-7.02628095690312	2.12111144364012e-12
rs10091882	-0.324331283569336	0.0464101731777191	-6.98836615686328	2.78105804672493e-12
rs6471850	0.407322376966476	0.0638628751039505	6.37807765941436	1.7932458162869e-10
rs6984437	-0.49043145775795	0.055392786860466	-8.85370615118793	8.46600956415711e-19
rs10088788	-0.268172472715378	0.0486456230282784	-5.5127770192086	3.53215617355686e-08
rs12541835	0.37173718214035	0.063833974301815	5.82350051373474	5.76276372468948e-09
rs16899255	0.482158184051514	0.0638538524508476	7.55096467237685	4.32046034002108e-14
rs218009	0.584456861019135	0.101561412215233	5.75471380587472	8.67886997203998e-09
rs7012847	-0.391063392162323	0.0742560476064682	-5.26641808671027	1.39111274809199e-07
rs12541606	0.369782775640488	0.0537785105407238	6.87603230216779	6.15425511397901e-12
rs2137350	0.443300187587738	0.0687822848558426	6.44497618124825	1.15618572819691e-10
rs6578126	-0.405435383319855	0.0800991207361221	-5.06167083475882	4.15598107409681e-07
rs6578126	-0.405435383319855	0.0800991207361221	-5.06167083475882	4.15598107409681e-07
rs7850236	-0.421130985021591	0.0686568021774292	-6.13385668521621	8.57737949170277e-10
rs3012671	-0.327447980642319	0.0632946193218231	-5.17339363362629	2.29880009596616e-07
rs12006302	-0.481152504682541	0.0940551087260246	-5.11564455349365	3.12671381332294e-07
rs7865480	-0.501979827880859	0.0924543738365173	-5.42948707617107	5.65162453480316e-08
rs2784631	-0.44682976603508	0.062086895108223	-7.19684508713499	6.16217045205250e-13
rs6475396	-0.392057240009308	0.0670108273625374	-5.85065511709364	4.89640574350492e-09
rs10965295	-0.396187782287598	0.0634410008788109	-6.24498000976406	4.23854320188251e-10
rs7039191	-0.53780210018158	0.0597992837429047	-8.99345387636673	2.39580471762322e-19
rs10491627	-0.245562255382538	0.0354834385216236	-6.92047517415463	4.50131201188392e-12
rs10119298	-0.583432137966156	0.0712590515613556	-8.18748110145429	2.66750100832621e-16
rs7869474	0.52843850851059	0.0580208525061607	9.10773430043069	8.41202771675133e-20
rs12682896	-0.309142410755157	0.0612676404416561	-5.04576981464705	4.51698957957287e-07
rs4836780	-0.452713996171951	0.0551738515496254	-8.20522735783206	2.30154920181528e-16
rs10124199	-0.482010304927826	0.0544866472482681	-8.84639318568362	9.03933700915298e-19
