SNP	beta	se	Z	P
rs12356193	-0.300564587116241	0.0474453270435333	-6.33496712627692	2.37391883288017e-10
rs12772586	0.296004205942154	0.0494329445064068	5.98799462378354	2.12444084132858e-09
rs753762	0.287690460681915	0.0489727929234505	5.87449568440184	4.24132527539752e-09
rs7094971	-0.274364411830902	0.0482591167092323	-5.68523484348014	1.30633021775796e-08
rs1171620	0.365679711103439	0.0632273480296135	5.78356870087557	7.31323006754324e-09
rs1171619	0.366151601076126	0.0633405670523643	5.78068081982002	7.43989248496906e-09
rs1171617	0.36759227514267	0.0591324642300606	6.21642070779456	5.08623215501164e-10
rs1171616	0.36823445558548	0.0592260248959064	6.21744336603167	5.05320452136681e-10
rs1171615	0.36841356754303	0.0592678636312485	6.21607638559772	5.09739967232802e-10
rs1171614	-0.368656843900681	0.0593001767992973	-6.21679164884125	5.07422801642966e-10
rs2828232	-0.3811294734478	0.0772338584065437	-4.93474599497037	8.02551360998008e-07
rs352143	0.217868074774742	0.0435618609189987	5.00134912004466	5.69305118477342e-07
rs1993733	-0.224637433886528	0.0447258464992046	-5.02254180679449	5.09920929285881e-07
rs272869	-0.166792094707489	0.0340649746358395	-4.896292936969	9.76614505722002e-07
