SNP	beta	se	Z	P
rs17304141	-0.900478363037109	0.116595037281513	-7.72312770793965	1.13509344265212e-14
rs186116	-0.195178464055061	0.0356940217316151	-5.46809954682653	4.54886401605329e-08
rs211718	-0.47519326210022	0.0358626395463943	-13.2503705279551	4.48981069210567e-40
rs11163904	-0.341971725225449	0.0364119186997414	-9.3917524106709	5.90101567870128e-21
rs12129523	-0.34675806760788	0.0364612936973572	-9.51030620268457	1.90102135528478e-21
rs11163915	0.347107380628586	0.0365107990801334	9.50697846592619	1.96280815571589e-21
rs12125933	0.331017315387726	0.0368985049426556	8.97102242766106	2.9377462790764e-19
rs12126155	0.376432776451111	0.0404387339949608	9.30871813390645	1.29384381991004e-20
rs11163924	0.467747211456299	0.0361197851598263	12.9498890811938	2.35293784343742e-38
rs17585530	-0.348938345909119	0.0364546664059162	-9.57184306732512	1.0501660267177e-21
rs7552404	-0.477936744689941	0.0359857864677906	-13.2812643991461	2.97330757194599e-40
rs12132750	0.34942027926445	0.0365087762475014	9.5708570699727	1.06023064962673e-21
rs12131344	0.350796669721603	0.0364688113331795	9.6190870197748	6.64180428739566e-22
rs12134854	-0.474568039178848	0.0361605547368526	-13.123914791473	2.40198968666164e-39
rs2066183	-0.42153325676918	0.0357288792729378	-11.7981102499474	3.99175127291063e-32
rs7544117	-0.419911175966263	0.0357000418007374	-11.7622040419457	6.11177002790495e-32
rs1498315	0.450678586959839	0.0361975021660328	12.4505438218538	1.38895517887286e-35
rs1846233	0.319904744625092	0.0367799773812294	8.69779612176583	3.38391803411288e-18
rs7533888	-0.451089411973953	0.036247257143259	-12.4447874825708	1.49281177580322e-35
rs1858536	-0.41964653134346	0.0356951877474785	-11.7563895254509	6.54746927848545e-32
rs4638068	-0.319380193948746	0.0367206446826458	-8.69756499944254	3.39081518733291e-18
rs4949874	0.450472563505173	0.0361939072608948	12.4460882396049	1.46868837389414e-35
rs7535991	-0.419587582349777	0.0356937497854233	-11.7552116231041	6.63941985013287e-32
rs4949876	-0.450141727924347	0.036230381578207	-12.4244269123324	1.92601676668166e-35
rs7513559	-0.418810397386551	0.0356798991560936	-11.7379927435984	8.13953668609908e-32
rs942270	0.449434250593185	0.0362350717186928	12.403294081555	2.50797331005919e-35
rs11164042	-0.320046603679657	0.0366384610533714	-8.7352632855797	2.43089259441118e-18
rs11579752	0.304170578718185	0.0367436558008194	8.27817951395576	1.25072585835501e-16
rs7534754	0.447305411100388	0.0362816005945206	12.3287121783691	6.34527112879436e-35
rs1251079	-0.297073096036911	0.0335473380982876	-8.85534033032787	8.34288657844705e-19
rs1251078	0.303960084915161	0.0340508408844471	8.92665429164178	4.3908693953719e-19
rs1250876	-0.392167240381241	0.0352026745676994	-11.140268323279	7.9878322857076e-29
rs7524467	-0.469864755868912	0.0362145006656647	-12.9744921849605	1.70724072176474e-38
rs1250880	0.388678580522537	0.034697700291872	11.2018542224133	3.99287522051759e-29
rs2275378	0.44028377532959	0.0356114991009235	12.363528254787	4.11682488159063e-35
rs3818855	0.422657012939453	0.0358714200556278	11.7825559256928	4.80146762509728e-32
rs2173378	-0.447227120399475	0.0356783419847488	-12.5349748760929	4.80513712308262e-36
rs1146574	-0.447928100824356	0.0356568694114685	-12.5621824971624	3.40800516357582e-36
rs7516477	0.391774863004684	0.0346756838262081	11.2982591768984	1.33844888630848e-29
rs11161493	0.44779497385025	0.0354452654719353	12.6334213579188	1.38138732870772e-36
rs12123977	0.463351100683212	0.0360240712761879	12.8622635995474	7.3395399971073e-38
rs1146579	0.442556262016296	0.0351714566349983	12.5828243796965	2.62474907945328e-36
rs11161510	-0.470977246761322	0.0356928296387196	-13.1952902453664	9.33944643020559e-40
rs11161511	-0.463967323303223	0.0365956015884876	-12.6782264306096	7.80785984263838e-37
rs17647178	-0.35007432103157	0.0365894213318825	-9.56763753808071	1.09376343766259e-21
rs1146581	0.444103419780731	0.0352178029716015	12.6101966138785	1.85529595926052e-36
rs11161521	0.474253118038177	0.0357819572091103	13.2539736512074	4.27931286779215e-40
rs4646961	0.474301367998123	0.0357872992753983	13.2533434375188	4.31540902904594e-40
rs1612097	-0.444881856441498	0.035305742174387	-12.6008357010051	2.08919099521252e-36
rs1767458	-0.446913123130798	0.0366094447672367	-12.2075908545534	2.831496453102e-34
rs1694419	0.373134434223175	0.0359565988183022	10.3773562151614	3.14360165373892e-25
rs17587071	-0.470849931240082	0.0364243499934673	-12.9267902193046	3.17812118144305e-38
rs8763	0.432550251483917	0.0427145473659039	10.1265324850239	4.21326217347262e-24
rs1146588	-0.435258120298386	0.0357743687927723	-12.1667589110985	4.67270497510273e-34
rs12136754	0.434791445732117	0.0357305966317654	12.1686030102721	4.56834110218293e-34
rs7516226	0.464365869760513	0.0365079008042812	12.7195993067358	4.60214071741882e-37
rs12130832	-0.337435632944107	0.0370313003659248	-9.11217347513419	8.07478044961999e-20
rs6664254	0.337578505277634	0.0370934940874577	9.10074700651558	8.97126367269916e-20
rs12142247	0.377877831459045	0.0359816327691078	10.5019645407385	8.46008395261985e-26
rs11810154	0.382320284843445	0.0363279432058334	10.5241379253768	6.68707516974657e-26
rs17647711	0.375450044870377	0.0362112373113632	10.3683296332037	3.45511321241381e-25
rs1498311	0.340015888214111	0.0364759266376495	9.32165182784295	1.14542940030934e-20
rs11161620	0.431145995855331	0.0376971438527107	11.4370997850631	2.72854717158012e-30
rs11588643	0.3378666639328	0.037029005587101	9.1243785399005	7.21490063118873e-20
rs12093623	0.422741085290909	0.0381173901259899	11.0905044624938	1.39498853531172e-28
rs721204	-0.290507823228836	0.052173025906086	-5.56816128993101	2.57441473091398e-08
rs1146646	0.383333563804626	0.0373842716217041	10.2538727431585	1.13694807328723e-24
rs6656501	0.336084693670273	0.0371378250420094	9.04966010503044	1.43414048826524e-19
rs4949677	0.419681012630463	0.039012860506773	10.7575042480569	5.46296494697827e-27
rs5745325	-0.335498571395874	0.037083201110363	-9.04718474538915	1.46701697010711e-19
rs5745331	0.334378182888031	0.037073653191328	9.01929413760191	1.8930508699253e-19
rs5745347	0.337673276662827	0.0369658730924129	9.13473018258381	6.55700785988355e-20
rs12122939	0.402441442012787	0.0379636101424694	10.6007158039636	2.95708145755077e-26
rs7547056	0.361982256174088	0.0374859981238842	9.65646572829152	4.61511599444091e-22
rs5745383	-0.334603190422058	0.0370887778699398	-9.02168282803548	1.85221815620083e-19
rs1856791	0.341612696647644	0.0372139252722263	9.17970072086425	4.32291188825718e-20
rs1498313	0.262516558170319	0.0357557870447636	7.34193203023801	2.10532313596433e-13
rs6683437	0.390401899814606	0.0389771945774555	10.0161621185639	1.2943170922066e-23
rs1159215	-0.320385426282883	0.0375179275870323	-8.53952888361619	1.34770171543113e-17
rs1159214	0.424158066511154	0.0384207889437675	11.0398062656118	2.45562045234951e-28
rs1565717	-0.424867242574692	0.0384866446256638	-11.0393422629361	2.46833348178342e-28
rs7365179	-0.469979166984558	0.0427675396203995	-10.9891560551775	4.30936648008649e-28
rs2172507	-0.425070852041245	0.0394039452075958	-10.7875201277893	3.9428545858548e-27
rs5745427	-0.424271464347839	0.0384648554027081	-11.030106831442	2.73539921445974e-28
rs5745430	0.339547604322433	0.0372298657894135	9.12030159450602	7.49155565435595e-20
rs5745433	0.423446416854858	0.0383936166763306	11.0290838298625	2.76669085430343e-28
rs2029681	-0.424296885728836	0.0384676940739155	-11.0299537298376	2.74005985957878e-28
rs6699682	0.411277502775192	0.0388295166194439	10.5918779985338	3.25005074403738e-26
rs2029682	-0.341294705867767	0.0367754958570004	-9.28049229288094	1.68697298963141e-20
rs2029683	-0.412585228681564	0.0389492586255074	-10.5928904231149	3.21508138545842e-26
rs5745442	0.411714941263199	0.0388731248676777	10.591248906916	3.27196936034721e-26
rs5745449	0.425098359584808	0.040015984326601	10.6232138666203	2.32418665795337e-26
rs11161836	-0.413733094930649	0.0389835983514786	-10.6130042486177	2.59275799836082e-26
rs5745515	0.305491358041763	0.0551540404558182	5.53887540272739	3.04420119406893e-08
rs1001160	0.330528825521469	0.0367221534252167	9.00080182374322	2.2407510195611e-19
rs1908089	0.373590886592865	0.0339675061404705	10.9984785179078	3.88633659323017e-28
rs1303870	-0.366943687200546	0.0341835841536522	-10.7345000907794	7.00973256215141e-27
rs5745523	0.373639434576035	0.033968523144722	10.9995784327789	3.83922512843133e-28
rs6687882	-0.37328252196312	0.0339492484927177	-10.9953103098347	4.02526575647693e-28
rs5745543	0.336946934461594	0.0366553850471973	9.19229013766307	3.84565179912063e-20
rs11161848	0.336960822343826	0.0366560220718384	9.19250926037339	3.83782400165554e-20
rs10873788	-0.402396738529205	0.0394524112343788	-10.1995474025313	1.99198598568387e-24
rs11161857	0.41285115480423	0.0389462113380432	10.6005472835544	2.96241506708425e-26
rs7523573	-0.413613229990005	0.0390497446060181	-10.5919573652285	3.24729583467445e-26
rs10873797	0.333955883979797	0.0366834923624992	9.10371021056854	8.72974935331923e-20
rs5745545	0.333895951509476	0.0366836227476597	9.10204408671108	8.86474380371833e-20
rs5745546	-0.371414750814438	0.0340003781020641	-10.9238417790386	8.86643267002294e-28
rs5745547	-0.333189100027084	0.0366268455982208	-9.0968549047879	9.29854561769771e-20
rs5745553	0.333209097385406	0.0366834662854671	9.08335910222894	1.05274594136629e-19
rs5745554	0.371427804231644	0.0340243130922318	10.9165408637286	9.60859229313261e-28
rs5745558	0.371357470750809	0.0340247564017773	10.9143315051452	9.84509129130148e-28
rs7519526	-0.32292777299881	0.0346417166292667	-9.32193333415781	1.14239382206869e-20
rs7513194	-0.332327276468277	0.036625824868679	-9.07357793742061	1.15171558723937e-19
rs946163	-0.350649476051331	0.0398261658847332	-8.80449996281835	1.31437239571118e-18
rs6671871	-0.370794177055359	0.034002672880888	-10.904853814118	1.09268762054416e-27
rs11161887	-0.370783179998398	0.0340039543807507	-10.9041194399524	1.10154594727573e-27
rs1689270	0.298384159803391	0.036536768078804	8.16668182472582	3.16987490260208e-16
rs1796827	0.298074573278427	0.0365464501082897	8.15604723291075	3.46167117370713e-16
rs1628063	0.29801219701767	0.0365476459264755	8.15407366091907	3.51866371554605e-16
rs10732723	0.377859175205231	0.0393460616469383	9.60348150205864	7.72887257318138e-22
rs1689271	0.219411373138428	0.0346108824014664	6.33937530379555	2.30698643507322e-10
rs1796815	-0.297119498252869	0.0365034453570843	-8.13949191223963	3.96940114646241e-16
rs17650138	-0.366137325763702	0.0399391055107117	-9.16738923122612	4.8461333601905e-20
rs1630587	-0.299898654222488	0.0365376621484756	-8.20793221536207	2.25030186224579e-16
rs12090849	0.411610901355743	0.0390034765005112	10.5531849539194	4.9103787839324e-26
rs1796813	-0.301214903593063	0.0365475378930569	-8.24172901809307	1.69739655146735e-16
rs11588578	0.379096776247025	0.0393277294933796	9.63942696744906	5.4491304665352e-22
rs1770889	0.301419794559479	0.0366021431982517	8.23503129111511	1.79510710269327e-16
rs931507	-0.379689425230026	0.0394287444651127	-9.62976200183048	5.9867978796365e-22
rs1770887	0.354475855827332	0.0386992059648037	9.15977077539322	5.20076712823267e-20
rs1796812	-0.237464860081673	0.0349452160298824	-6.79534674728042	1.08052324894569e-11
rs1770885	0.408860355615616	0.0395844541490078	10.3288112569784	5.22035004866442e-25
rs1796810	0.324154108762741	0.0367490537464619	8.82074708641851	1.13698561589806e-18
rs1689275	-0.412977874279022	0.0395225435495377	-10.449172477004	1.47809266000719e-25
rs1770882	-0.323526382446289	0.0366394929587841	-8.82999071003043	1.04684418262558e-18
rs1251584	-0.317745834589005	0.0364833809435368	-8.70933083424373	3.05673915679094e-18
rs1251581	0.240081191062927	0.0345507934689522	6.94864479099929	3.68811856335343e-12
rs17097780	-0.409499138593674	0.05940892547369	-6.89288916317845	5.46704713945362e-12
rs1251567	0.291597723960876	0.0377990156412125	7.71442639482244	1.21527544703872e-14
rs12140121	-0.408866137266159	0.0392249710857868	-10.4236185763388	1.93449950639628e-25
rs12143716	-0.28167724609375	0.0504096113145351	-5.5877686565802	2.30005765870024e-08
rs2792664	-0.219033271074295	0.0349553562700748	-6.2660860722455	3.70235740682837e-10
rs10518521	0.409974038600922	0.0394147038459778	10.4015506548772	2.43930871669319e-25
rs1251550	0.236684501171112	0.0345505736768246	6.85037832902532	7.36549341804576e-12
rs1251551	-0.233590468764305	0.0347494669258595	-6.72213099736716	1.79085832684162e-11
rs10782602	0.409520864486694	0.0394216887652874	10.3882121064102	2.80562906315612e-25
rs1658737	0.236592188477516	0.0345557853579521	6.8466737487438	7.55868290921933e-12
rs1251531	-0.236869305372238	0.0345795378088951	-6.84998471296244	7.38578806836042e-12
rs879268	-0.308987587690353	0.0377755351364613	-8.17956877577401	2.84861448179215e-16
rs4949686	0.409839630126953	0.0394482798874378	10.3892902630075	2.77409657795519e-25
rs10873863	-0.389549791812897	0.0380617864429951	-10.234669158168	1.38668319852269e-24
rs1658739	0.377608776092529	0.039462435990572	9.56881567531066	1.08137262590023e-21
rs6719397	0.272302150726318	0.0553372167050838	4.92077785873357	8.62009256508567e-07
