SNP	beta	se	Z	P
rs7099820	-0.791304647922516	0.0807816162705421	-9.7956030648408	1.17593575106688e-22
rs17366712	0.370527595281601	0.0493720769882202	7.50480064612242	6.15221558237885e-14
rs2991813	0.623593747615814	0.0798223316669464	7.81227176146294	5.61662924747314e-15
rs4749869	0.706155896186829	0.130239248275757	5.4219899572184	5.89391943337386e-08
rs17149878	0.330276995897293	0.0482191443443298	6.84949930962703	7.41089069001787e-12
rs11253923	-0.589956641197205	0.0753241404891014	-7.8322386072572	4.79258870530516e-15
rs12219473	-0.201747789978981	0.0400972329080105	-5.03146415219781	4.86748131494721e-07
rs16927065	-0.375387817621231	0.0544586218893528	-6.89308330981881	5.45958786105044e-12
rs16927693	-0.789766192436218	0.09634168446064	-8.19755432819813	2.4532694476078e-16
rs2839655	0.455843031406403	0.0807071104645729	5.64811487838484	1.62216769475468e-08
rs12247464	0.757061064243317	0.118006989359856	6.41539173527002	1.40461206171444e-10
rs896217	-0.357735961675644	0.0440943352878094	-8.11296869179806	4.93978020664962e-16
rs11010640	0.423658847808838	0.0614200495183468	6.89772885452147	5.28404772170175e-12
rs11011319	-0.344834327697754	0.0459280349314213	-7.50814460519926	5.9971240376268e-14
rs11239674	0.577457427978516	0.0767948850989342	7.5194777260827	5.49954864309682e-14
rs12258461	-0.452942460775375	0.0802126973867416	-5.64676760078937	1.6349259867268e-08
rs3964884	0.697413861751556	0.109230503439903	6.38479032677225	1.71632468384717e-10
rs1904672	-0.689319849014282	0.0899473205208778	-7.66359514683134	1.80799213686865e-14
rs1454478	0.526488423347473	0.0795131176710129	6.62140334536786	3.55804639712843e-11
rs7088215	0.34850150346756	0.0606068074703217	5.75020394595469	8.91358595806687e-09
rs7907014	-0.558730125427246	0.0602761805057526	-9.26950116512313	1.8701851203415e-20
rs17291576	0.66386091709137	0.0720512121915817	9.21373696428849	3.14964357021744e-20
rs2137949	0.333790928125381	0.0565798580646515	5.89946563216846	3.64680724328449e-09
rs7067703	-0.652882516384125	0.0829443633556366	-7.87133073268393	3.50888657235549e-15
rs12253366	-0.404776453971863	0.0752716511487961	-5.37754184735108	7.55096661866259e-08
rs13376921	-0.619463503360748	0.0939071327447891	-6.59655433250486	4.20823326705688e-11
rs9420627	-0.850331604480743	0.0894625186920166	-9.50489229358825	2.0025513674538e-21
rs17109605	0.683388352394104	0.0821682065725327	8.31694375355331	9.02605605898315e-17
rs7071434	0.463957726955414	0.0715790465474129	6.48175338083185	9.06627505077735e-11
rs17116961	0.424401015043259	0.0727124214172363	5.83670584435599	5.32429731058807e-09
rs12221080	-0.282590061426163	0.0542251653969288	-5.21141907742652	1.8740158398391e-07
rs17095224	0.614266335964203	0.0589059926569462	10.4279090845907	1.84912495602684e-25
rs954423	-0.321358859539032	0.0541401170194149	-5.93568830713445	2.92615252611495e-09
rs1235048	-0.438280522823334	0.0748239308595657	-5.85749128371679	4.69911472519582e-09
rs7084245	-0.375514477491379	0.0696478188037872	-5.39161863129244	6.98258375768306e-08
rs2015970	0.759140253067017	0.080736830830574	9.40265112288183	5.32052613992275e-21
rs7129516	0.638471782207489	0.0851042717695236	7.50222954655644	6.27413733114466e-14
rs11026306	0.622168779373169	0.0845278352499008	7.36051949672873	1.83195874473566e-13
rs10767270	0.789459347724915	0.154571950435638	5.10739073615841	3.26637859115628e-07
rs17243943	0.336358368396759	0.0580241680145264	5.79686671789161	6.75653451818234e-09
rs16922509	-0.33877968788147	0.0567770823836327	-5.96683861971624	2.41894439433528e-09
rs224678	-0.299663096666336	0.0589434020221233	-5.08391247172776	3.69738375260484e-07
rs11032434	-0.738008797168732	0.111006610095501	-6.64833199152564	2.9643308616152e-11
rs10768063	0.300872892141342	0.0605091154575348	4.97235647664515	6.61439364582443e-07
rs11037495	0.48932558298111	0.0785592943429947	6.22874208676932	4.70195101090351e-10
rs7944767	-0.498333215713501	0.0557795464992523	-8.93397754175325	4.10960801115385e-19
rs7104008	0.477325737476349	0.0751474499702454	6.35185542111337	2.12733221705121e-10
rs12288280	-0.246103301644325	0.0455590263009071	-5.4018560453612	6.59548714365624e-08
rs4075062	-0.764138579368591	0.0920184403657913	-8.30418964210859	1.00503008012566e-16
rs1723831	0.336088329553604	0.0652166232466698	5.15341507766221	2.55784935741535e-07
rs642302	-0.436784625053406	0.055533342063427	-7.86526812224871	3.68307730341561e-15
rs7106945	0.513999819755554	0.0535638853907585	9.59601447889431	8.30955739127822e-22
rs1534083	0.395930796861649	0.0589283145964146	6.71885492692742	1.83158145786726e-11
rs16919060	0.396398305892944	0.0698732510209084	5.67310523127553	1.40232027049623e-08
rs10741472	-0.613717496395111	0.0705002844333649	-8.7051775936476	3.17077867233331e-18
rs17129573	0.324970483779907	0.0568223372101784	5.71906225148543	1.07113549885606e-08
rs17094895	0.358136653900146	0.0713452845811844	5.01976628171718	5.17343852584615e-07
rs7934489	-0.372104406356812	0.062964454293251	-5.9097535352847	3.42619967706013e-09
rs1899053	-0.32991436123848	0.0562119148671627	-5.86911799781448	4.38119554035075e-09
rs11216478	0.732856094837189	0.0913271531462669	8.0245148303645	1.01927976170009e-15
rs3107619	0.416951507329941	0.0683348700404167	6.10159216053729	1.0501705882081e-09
rs7308757	0.354663550853729	0.0614603981375694	5.7706028857781	7.89884203639184e-09
rs12424392	0.591418206691742	0.0643706098198891	9.18770551260192	4.0130979663216e-20
rs7316738	-0.389565408229828	0.0585997700691223	-6.64789994517572	2.97304284638049e-11
rs11048013	-0.481715589761734	0.0794813632965088	-6.06073637620774	1.35499760060207e-09
rs794174	0.527816951274872	0.0702815800905228	7.51003250915877	5.91126817344554e-14
rs10431533	-0.416492015123367	0.0678488686680794	-6.13852556865568	8.32909082560702e-10
rs12304314	-0.402497321367264	0.0655182749032974	-6.14328325892792	8.08329455989482e-10
rs11176722	-0.679521501064301	0.11209662258625	-6.06192662532236	1.34500575382521e-09
rs12308978	0.498952686786652	0.0724523663520813	6.88663065001905	5.71292931453341e-12
rs11115141	-0.661742091178894	0.0591909848153591	-11.1797783605584	5.12177395512333e-29
rs1398441	0.395924985408783	0.0640188977122307	6.18450175741064	6.22989193447477e-10
rs12227366	-0.511861681938171	0.0568321570754051	-9.00655031022369	2.1263990787514e-19
rs11111949	-0.634631037712097	0.0857342928647995	-7.40230095223264	1.33844732822152e-13
rs12298231	0.403015643358231	0.0769399553537369	5.23805403194397	1.62278557879288e-07
rs12309588	-0.458682507276535	0.0878254547715187	-5.22266020107513	1.76370856916602e-07
rs17039931	0.601693749427795	0.0743043348193169	8.09769377373354	5.60108441509512e-16
rs9888440	-0.811743497848511	0.0888949409127235	-9.13149263067148	6.75612672905809e-20
rs1029485	0.336351126432419	0.0646606609225273	5.20178918114394	1.97379051095712e-07
rs16944937	0.540486454963684	0.0781910717487335	6.91238069610471	4.76586777182222e-12
rs7969190	0.273309469223022	0.0402844622731209	6.78448845537608	1.16498550281246e-11
rs7969566	-0.268219321966171	0.0537906736135483	-4.98635365478328	6.15294727521766e-07
rs16947551	0.532182693481445	0.107103586196899	4.96885970282154	6.73477742077682e-07
rs16947962	0.45227062702179	0.0570195466279984	7.93185238690956	2.15900972637842e-15
rs7137923	0.705541670322418	0.0761121958494186	9.26975844604814	1.8656795896824e-20
rs1399501	-0.296565055847168	0.0571560598909855	-5.18868964048275	2.11779018233435e-07
rs12307807	-0.459433645009995	0.0500506944954395	-9.17936603360933	4.33636802995088e-20
rs1399501	-0.296565055847168	0.0571560598909855	-5.18868964048275	2.11779018233435e-07
rs12307807	-0.459433645009995	0.0500506944954395	-9.17936603360933	4.33636802995088e-20
rs11839873	-0.330920696258545	0.0579653978347778	-5.70893513405684	1.13685205070059e-08
rs17086569	0.51331627368927	0.0644600242376328	7.96332734528492	1.67473637049695e-15
rs1359636	-0.231347516179085	0.0396365635097027	-5.83671982871202	5.32385064714174e-09
rs2321170	-0.442908316850662	0.0784645900130272	-5.64469038552457	1.65478772520834e-08
rs4943124	0.302957534790039	0.0507336296141148	5.97153282929617	2.35034752351909e-09
rs7322672	-0.497251212596893	0.0593352578580379	-8.38036659057903	5.27631070743293e-17
rs9562483	0.40011191368103	0.0631623491644859	6.33465852638045	2.37867491043638e-10
rs17052985	-0.541963458061218	0.0808590352535248	-6.70257141161714	2.04783439921639e-11
rs17056966	0.472526729106903	0.0938261151313782	5.03619624925594	4.74873704131712e-07
rs9592151	0.732335865497589	0.127428084611893	5.74705229014515	9.08126523622522e-09
rs12429576	-0.402203321456909	0.048272829502821	-8.33187790314642	7.95699877671161e-17
rs4884978	0.301088869571686	0.0491522587835789	6.12563648188383	9.03218092062226e-10
rs804916	-0.433048278093338	0.0701150521636009	-6.17625266943962	6.5640908713614e-10
rs6563008	-0.638117730617523	0.0657365843653679	-9.70719328936877	2.80967322905179e-22
rs11838885	0.738247275352478	0.0640704035758972	11.5224383513982	1.01691869627162e-30
rs9588542	-0.42772850394249	0.0799607560038567	-5.34923036397829	8.83290520235057e-08
rs7491314	-0.368514895439148	0.0736965090036392	-5.00043896815995	5.71999330095915e-07
rs9301818	0.414086192846298	0.0683971270918846	6.05414599198027	1.41164544178763e-09
rs28392734	0.296503216028214	0.05493488535285	5.39735751014599	6.76295447424797e-08
rs7996217	-0.423912197351456	0.0598265938460827	-7.08568163586356	1.38361562076732e-12
rs16960473	-0.298658758401871	0.0561552718281746	-5.31844560054335	1.04657500772687e-07
rs16964823	-0.373808413743973	0.0541173480451107	-6.90736754935546	4.93729559619327e-12
rs714369	0.311592787504196	0.0573202036321163	5.43600280110679	5.44890984455842e-08
rs17098990	0.246394202113152	0.0494239442050457	4.98532049750893	6.18591862886379e-07
rs8009833	-0.488696247339249	0.0883611217141151	-5.53067047881515	3.19009094580644e-08
rs17092567	0.352846950292587	0.0595123954117298	5.92896568608027	3.04848777149978e-09
rs881155	-0.625075876712799	0.0881175026297569	-7.09366309822895	1.30607863695646e-12
rs11851966	0.342796981334686	0.0643631666898727	5.32598066509714	1.00409812354322e-07
rs7152113	0.709895253181458	0.0759656056761742	9.34495613985619	9.19275655665095e-21
rs8003342	0.504818677902222	0.0918635129928589	5.4953121370556	3.90019941704762e-08
rs7160492	-0.345695465803146	0.0565911680459976	-6.10864694508802	1.00479322503076e-09
rs17108178	0.542589604854584	0.0882413908839226	6.1489239847583	7.8010352419227e-10
rs7156708	-0.544134020805359	0.079194501042366	-6.87085610292902	6.3817743605571e-12
rs10144578	0.58185875415802	0.101133696734905	5.75336186595856	8.74859377441307e-09
rs1950899	0.564518868923187	0.084112785756588	6.71145134292466	1.92698052181472e-11
rs12432654	-0.867278099060059	0.131497353315353	-6.59540346017595	4.24100932858167e-11
rs11160443	0.543637454509735	0.0764841958880424	7.10784036097486	1.17872783282797e-12
rs7182214	-0.530344486236572	0.0666420087218285	-7.95811075338818	1.74685959936158e-15
rs1865872	-0.608201146125793	0.0828196033835411	-7.34368580961669	2.07790585998754e-13
rs2467857	-0.762719690799713	0.0942426845431328	-8.09314478356814	5.81436836942626e-16
rs16960733	-0.475726962089539	0.065341517329216	-7.28062312499787	3.32281758934749e-13
rs12443497	-0.551148176193237	0.0794383138418198	-6.9380648900819	3.97507137352174e-12
rs16976893	-0.57821387052536	0.0980233922600746	-5.89873352874025	3.66302252039575e-09
rs17301795	-0.418277651071548	0.0684658661484718	-6.1092873661233	1.00076991160041e-09
rs16944662	-0.552792191505432	0.0754921287298203	-7.32251429130879	2.43367388423174e-13
rs6495159	-0.353428840637207	0.0582477562129498	-6.06768163472418	1.29769820057288e-09
rs2955772	-0.715609312057495	0.09319818764925	-7.67836081481198	1.61137103662026e-14
rs9920411	0.511451840400696	0.0776513144373894	6.58651877442567	4.50258644072636e-11
rs3825806	-0.265837043523788	0.0518740676343441	-5.12466162086326	2.9807257206582e-07
rs16972374	-0.446234554052353	0.0585832111537457	-7.61710642459075	2.59425436794627e-14
rs8030874	-0.288875371217728	0.0565554909408092	-5.10782182971524	3.25893723301089e-07
rs7170884	-0.288719207048416	0.0565539710223675	-5.1051977753114	3.30448724629085e-07
rs4494509	-0.789737105369568	0.147883281111717	-5.34027308180273	9.2806676797013e-08
rs8032040	-0.439904391765594	0.0610623955726624	-7.2041784086594	5.83948673885945e-13
rs12440209	-0.375069230794907	0.0665039420127869	-5.63980449042842	1.70243352543114e-08
rs4264375	0.343357115983963	0.0634146928787231	5.41447258351646	6.1469620567457e-08
rs12440209	-0.375069230794907	0.0665039420127869	-5.63980449042842	1.70243352543114e-08
rs4264375	0.343357115983963	0.0634146928787231	5.41447258351646	6.1469620567457e-08
rs7191272	-0.610782206058502	0.0750878602266312	-8.13423373918275	4.14552026428389e-16
rs4786115	-0.67597359418869	0.0902909487485886	-7.48661525388232	7.06724852214145e-14
rs12599624	-0.681067049503326	0.0818206295371056	-8.32390380465678	8.51126874886611e-17
rs4473208	0.339181452989578	0.0587830245494843	5.7700578626071	7.92443177922858e-09
rs3136205	-0.707982540130615	0.0867083594202995	-8.16510132199396	3.21165530380402e-16
rs13334631	0.436609745025635	0.0588193312287331	7.42289543088773	1.14587245159498e-13
rs9937935	0.376370131969452	0.0542947091162205	6.931985419865	4.1497473848868e-12
rs16961546	0.690813601016998	0.0952623933553696	7.25169268464594	4.11594944110775e-13
rs8057144	0.377076357603073	0.0724624618887901	5.20374753733569	1.95309297602478e-07
rs8047657	0.562957942485809	0.0665230080485344	8.46260502945209	2.61470076059009e-17
rs16968798	0.305848985910416	0.0549328066408634	5.56769268881487	2.58134556950908e-08
rs12447587	-0.540855169296265	0.0845898687839508	-6.39385279905862	1.61757158397348e-10
rs16973284	-0.668966829776764	0.0922625884413719	-7.2506835227353	4.1467358333606e-13
rs13339024	-0.567331075668335	0.0662031844258308	-8.56954360411365	1.0389597637988e-17
rs8051738	0.486896872520447	0.0799790695309639	6.08780366383163	1.14470124123735e-09
rs284003	0.330864399671555	0.0506304688751698	6.53488713460873	6.36575281548268e-11
rs9319533	-0.69135981798172	0.091338612139225	-7.56919556570335	3.75542438512358e-14
rs7204861	0.606793940067291	0.0765869617462158	7.92294048793851	2.31958613535918e-15
rs12925978	-0.406363517045975	0.0506702773272991	-8.0197610607322	1.05951060700227e-15
rs9927071	-0.508733808994293	0.0556811206042767	-9.13655837873383	6.44714272689991e-20
rs8073301	0.639066457748413	0.0881156027317047	7.25259134519285	4.08872310389673e-13
rs2191073	-0.509448289871216	0.0630947798490524	-8.07433342488899	6.78462501354711e-16
rs16965645	0.382188677787781	0.0703335925936699	5.43394221301555	5.51224387480527e-08
rs16972641	-0.679919838905334	0.0974732115864754	-6.97545333573142	3.04886069289687e-12
rs2239999	-0.590634703636169	0.0592059195041656	-9.97594005097097	1.94253160785194e-23
rs2071600	-0.607565402984619	0.0614205896854401	-9.89188488902841	4.51446543790029e-23
rs7207260	0.478525221347809	0.0579710714519024	8.25455195777834	1.52473137719849e-16
rs16954302	-0.355088382959366	0.0513328351080418	-6.91737329940964	4.60094556056556e-12
rs4988342	-0.540834128856659	0.0476714745163918	-11.3450262309527	7.85026991552774e-30
rs10451278	0.377011269330978	0.0689079090952873	5.47123362587651	4.46913685568795e-08
rs16967340	0.390399903059006	0.0550602599978447	7.09041154317629	1.3371376226331e-12
rs9903454	0.482364922761917	0.068986713886261	6.99214233565606	2.70720010185161e-12
rs9906208	-0.459817051887512	0.0609644949436188	-7.54237449703733	4.61490180202273e-14
rs9890699	0.637622773647308	0.0831862762570381	7.66499959292698	1.78831769168366e-14
rs628274	0.600507378578186	0.0875861123204231	6.85619400917469	7.07193207335031e-12
rs7242524	-0.749198198318481	0.13904020190239	-5.3883566628049	7.11048382746309e-08
rs16951226	0.715934455394745	0.130365058779716	5.49176644490679	3.97933408768395e-08
rs7244913	-0.434829413890839	0.0639895647764206	-6.79531757107791	1.08074195497356e-11
rs867514	0.574292242527008	0.0545003451406956	10.5374056080643	5.80790261341911e-26
rs9960403	0.495797783136368	0.0694691687822342	7.13694710657257	9.54265435273299e-13
rs1007922	0.49629157781601	0.0698312371969223	7.10701396305611	1.18580442075948e-12
rs12959057	-0.312735497951508	0.0606282465159893	-5.1582474493804	2.49272044544021e-07
rs16940554	0.972297132015228	0.180052220821381	5.40008408438231	6.66096690363569e-08
rs9964963	-0.656494379043579	0.0954677313566208	-6.87661024007407	6.12935071506896e-12
rs16941197	0.357956796884537	0.0595752969384193	6.00847692382538	1.87274264534638e-09
rs3922835	0.2286686450243	0.0381597876548767	5.99239825683561	2.06768799184624e-09
rs4575606	0.415179193019867	0.0509676896035671	8.145929239665	3.76380195847335e-16
rs16975303	-0.654766619205475	0.0585565790534019	-11.1817771767088	5.00769893392476e-29
rs2337145	0.521882474422455	0.06188053637743	8.43370961168339	3.34877052822554e-17
rs4940107	0.411894857883453	0.0735299363732338	5.60173010068577	2.12222825070845e-08
rs16954543	0.366482108831406	0.0528500080108643	6.93438132982059	4.0800273120636e-12
rs17090144	0.266503274440765	0.0473519563674927	5.62813650976669	1.82166900584184e-08
rs17074208	0.2655009329319	0.0482108891010284	5.50707398022735	3.64846964188418e-08
rs4891981	0.343817234039307	0.0559299737215042	6.14728045021617	7.88226912277599e-10
rs17058466	0.358479201793671	0.0617882013320923	5.80174198415256	6.56294964381149e-09
rs12964109	0.442653506994247	0.0609730593860149	7.25982116448919	3.87602436677026e-13
rs17058466	0.358479201793671	0.0617882013320923	5.80174198415256	6.56294964381149e-09
rs12964109	0.442653506994247	0.0609730593860149	7.25982116448919	3.87602436677026e-13
rs424116	-0.282313078641891	0.054283082485199	-5.2007562156933	1.98479298718265e-07
rs412923	0.269504845142365	0.0538972020149231	5.00034946281153	5.72264944710432e-07
rs17304401	0.380477219820023	0.0542923994362354	7.00792788255529	2.41873414362061e-12
rs17721902	0.511329531669617	0.053402166813612	9.57507086658666	1.01787477446753e-21
rs10407726	-0.27971163392067	0.0460863672196865	-6.06929230475747	1.28475123336678e-09
rs10409326	-0.589609742164612	0.111997842788696	-5.26447409596108	1.4059122005422e-07
rs11881585	0.771817624568939	0.135830193758011	5.68222427735011	1.32954150082582e-08
rs4287688	-0.543829560279846	0.0524860322475433	-10.3614149706525	3.71426222628197e-25
rs8102985	0.289243936538696	0.0533040687441826	5.42630128155579	5.75338132575903e-08
rs8107057	-0.271861463785172	0.0498211495578289	-5.45674811195623	4.84933504092844e-08
rs16841063	-0.438112795352936	0.0568169057369232	-7.7109583788584	1.24876387660714e-14
rs17350963	-0.335116654634476	0.0554347634315491	-6.04524370430981	1.4918432704017e-09
rs1759260	-0.244864121079445	0.0440830737352371	-5.55460634505885	2.78238080039975e-08
rs12565101	-0.234772443771362	0.043262492865324	-5.42669708151603	5.74064323792797e-08
rs935098	-0.702987849712372	0.0529141686856747	-13.2854369098818	2.8121221680815e-40
rs728567	-0.455481648445129	0.0727935507893562	-6.25717036064312	3.92025108519937e-10
rs16837151	0.475072473287582	0.086212269961834	5.51049721226336	3.57821478153411e-08
rs12088653	-0.799958288669586	0.112617366015911	-7.10332977026443	1.21786334430708e-12
rs16865746	0.705553591251373	0.0578379854559898	12.1987926392811	3.15466801541311e-34
rs1845964	0.360303789377213	0.0699879676103592	5.14808190149364	2.63163591124902e-07
rs732509	0.243959873914719	0.0441531091928482	5.52531584693553	3.28893391862517e-08
rs17111573	0.433406949043274	0.0592609792947769	7.31352998551398	2.60214205670941e-13
rs769968	-0.652433097362518	0.0824717208743095	-7.91099167624809	2.55346604878253e-15
rs10493250	-0.444955408573151	0.0688434168696404	-6.46329640226463	1.02446343770889e-10
rs11803507	-0.365580350160599	0.0705630928277969	-5.18090031927549	2.20817478756891e-07
rs2474362	-0.241268470883369	0.0435877554118633	-5.53523503570232	3.10811273955482e-08
rs4915751	-0.466104596853256	0.0840718075633049	-5.5441248423532	2.95428005706435e-08
rs7536775	0.652082622051239	0.0822933539748192	7.92387951827518	2.30212693448211e-15
rs17128694	0.411064743995667	0.070295512676239	5.84766691849754	4.98515501899212e-09
rs211718	-0.187843456864357	0.0358624570071697	-5.23788587119959	1.62426448797578e-07
rs11163924	0.189654648303986	0.0361195988953114	5.25074070876808	1.51488799082395e-07
rs7552404	-0.192271560430527	0.035985603928566	-5.34301330087998	9.14140528488423e-08
rs12134854	-0.187187775969505	0.0361603684723377	-5.17660034666687	2.2596554029614e-07
rs2066183	-0.183195635676384	0.0357286967337132	-5.1274088456611	2.93757129925091e-07
rs7544117	-0.182754695415497	0.0356998592615128	-5.11919932447803	3.06835534080704e-07
rs1498315	0.189951255917549	0.0361973159015179	5.24766135794018	1.54042114700927e-07
rs7533888	-0.190172508358955	0.0362470746040344	-5.24656156217882	1.54964083124663e-07
rs1858536	-0.18267585337162	0.0356950052082539	-5.11768669890484	3.09305832860277e-07
rs4949874	0.189895629882812	0.0361937209963799	5.24664567928247	1.54893378968595e-07
rs7535991	-0.182667702436447	0.0356935672461987	-5.11766451294948	3.09342207682907e-07
rs4949876	-0.189927950501442	0.0362301953136921	-5.24225577193244	1.58625276787033e-07
rs7513559	-0.182465046644211	0.035679716616869	-5.11397129645204	3.15455312832135e-07
rs942270	0.189561814069748	0.0362348891794682	5.23147216294398	1.68165362064111e-07
rs7534754	0.188136950135231	0.0362814143300056	5.18549107330795	2.15446407417581e-07
rs1250876	-0.177454859018326	0.0352024957537651	-5.04097380650479	4.63168866406879e-07
rs7524467	-0.190281987190247	0.0362143144011497	-5.25433078982178	1.48563659016085e-07
rs2275378	0.185513660311699	0.0356113165616989	5.20940190431557	1.89450338341636e-07
rs3818855	0.191635683178902	0.0358712375164032	5.34232149340459	9.17637194031861e-08
rs2173378	-0.188376516103745	0.0356781594455242	-5.27988324037205	1.29266233750036e-07
rs1146574	-0.18864794075489	0.0356566868722439	-5.29067497019019	1.21865772172046e-07
rs11161493	0.188035845756531	0.0354450829327106	5.30499099447731	1.12678558796463e-07
rs12123977	0.19655604660511	0.036023885011673	5.45627009805908	4.8624012362529e-08
rs1146579	0.184339791536331	0.035171277821064	5.2412025651775	1.59533466173341e-07
rs11161510	-0.191081911325455	0.0356926508247852	-5.35353656592988	8.62515954125544e-08
rs11161511	-0.186947032809258	0.0365954153239727	-5.108482337316	3.24756756336109e-07
rs1146581	0.185694500803947	0.0352176241576672	5.2727719499931	1.34378501169377e-07
rs11161521	0.190917029976845	0.0357817746698856	5.33559421627914	9.52321633238163e-08
rs4646961	0.19095741212368	0.0357871167361736	5.33592615273922	9.50580868820173e-08
rs1612097	-0.186217322945595	0.0353055633604527	-5.27444700554432	1.33156988226701e-07
rs1767458	-0.185674443840981	0.0366092547774315	-5.0717897692756	3.94091615086482e-07
rs17587071	-0.193585589528084	0.0364241637289524	-5.31475728498906	1.06799584531125e-07
rs1146588	-0.186020061373711	0.0357741862535477	-5.19984046751765	1.99459649162518e-07
rs12136754	0.185762271285057	0.0357304140925407	5.1989957576181	2.00368098279867e-07
rs7516226	0.191337123513222	0.0365077145397663	5.24100524848814	1.59704172410068e-07
rs6686846	-0.630184054374695	0.0836005061864853	-7.53804113301612	4.77083393293296e-14
rs2703995	-0.243858054280281	0.0482075177133083	-5.05850676092706	4.22552270822127e-07
rs712908	-0.524364411830902	0.0749507173895836	-6.99612265357418	2.63143192200019e-12
rs11164749	-0.629201292991638	0.12103521078825	-5.19849793208044	2.00905359696442e-07
rs11185280	-0.389813750982285	0.0591372959315777	-6.59167357657514	4.34895965942152e-11
rs7546824	-0.495604187250137	0.0645644888281822	-7.67611106732417	1.63990954376106e-14
rs17022585	-0.295790165662766	0.0565302930772305	-5.23241875393541	1.67306197353462e-07
rs17023756	-0.410032331943512	0.0739995688199997	-5.5410097448121	3.0073248003865e-08
rs6670659	-0.444109678268433	0.0630897432565689	-7.03933247061031	1.9316297016387e-12
rs12057594	-0.545023620128632	0.101882040500641	-5.34955540201615	8.81705671056057e-08
rs16834743	-0.826919555664062	0.129622265696526	-6.37945611597363	1.7771800023948e-10
rs12088665	-0.643893420696259	0.0738229751586914	-8.72212775646243	2.73022023911166e-18
rs16844123	-0.529813051223755	0.0930766984820366	-5.69222007080544	1.25398080883007e-08
rs12095440	0.496109217405319	0.0708665102720261	7.00061588331313	2.54839746430378e-12
rs12070764	-0.50056529045105	0.0931039899587631	-5.37641072818422	7.59853467427684e-08
rs494885	-0.558012545108795	0.0630633160471916	-8.84844914738106	8.87438540985361e-19
rs6657109	0.38678389787674	0.0768664181232452	5.03189698857286	4.85650209601729e-07
rs7542547	0.316638976335526	0.0572765357792377	5.52824943107515	3.23441968976835e-08
rs12090496	0.3008873462677	0.0582669377326965	5.16394645018142	2.41796896698653e-07
rs13375369	-0.44842740893364	0.0811926424503326	-5.52300547685652	3.33249343370808e-08
rs12730607	-0.272989869117737	0.0527196191251278	-5.17814570074581	2.24102184374107e-07
rs12097849	-0.638131856918335	0.103733114898205	-6.15166967216346	7.66714410345006e-10
rs6426151	0.620184183120728	0.0516594536602497	12.0052408451609	3.33491633620249e-33
rs906907	-0.625159561634064	0.0744104012846947	-8.4015077306491	4.40782152787246e-17
rs16850603	-0.52297830581665	0.0801815241575241	-6.52242909213362	6.91777698944724e-11
rs10802264	0.196426048874855	0.0395658910274506	4.96452989618193	6.88676777435034e-07
rs8118368	0.509055852890015	0.0818431079387665	6.21989884928223	4.97475483713654e-10
rs7269135	-0.317236185073853	0.0613733008503914	-5.16896078063609	2.35399286300226e-07
rs232647	0.534919440746307	0.0847107395529747	6.31465908064455	2.70757681207406e-10
rs6056196	0.698687076568604	0.099064826965332	7.05282690104644	1.75318898732126e-12
rs996395	-0.458850473165512	0.0715164318680763	-6.41601463020326	1.39888009248826e-10
rs16997748	-0.332179188728333	0.0632330998778343	-5.2532485260109	1.49439669331369e-07
rs2025041	-0.585826754570007	0.0838290005922318	-6.9883542739539	2.781293553974e-12
rs6035703	0.375375688076019	0.0640495643019676	5.86070634776336	4.60902405127145e-09
rs6098359	0.494630604982376	0.069618433713913	7.10487982270601	1.20427284457529e-12
rs11697337	-0.320327639579773	0.0434723682701588	-7.36853436622313	1.72514064510443e-13
rs6016881	-0.755037009716034	0.147876605391502	-5.10585841294558	3.29296192580678e-07
rs6018192	0.451157122850418	0.08710116147995	5.17969123700228	2.22253462607459e-07
rs6011720	-0.630717277526855	0.106345415115356	-5.93083657478508	3.0139508368945e-09
rs6011720	-0.630717277526855	0.106345415115356	-5.93083657478508	3.0139508368945e-09
rs6517070	0.267829239368439	0.0500050336122513	5.35604558223555	8.50630579754299e-08
rs9975033	-0.565932631492615	0.0996775329113007	-5.67763481863277	1.3656988087155e-08
rs2032195	-0.563503623008728	0.0862674936652184	-6.53205047541474	6.48752821411703e-11
rs9984764	-0.672469615936279	0.0688837617635727	-9.76238229039193	1.6327398425709e-22
rs16989975	-0.744244694709778	0.0563453733921051	-13.2086212213132	7.82445059680709e-40
rs10483037	0.528770387172699	0.0736020132899284	7.18418374086861	6.76098891805336e-13
rs11912930	0.516298830509186	0.0523630231618881	9.85998896421567	6.20562116921885e-23
rs973896	0.266912907361984	0.049939077347517	5.34477049915411	9.05316855913012e-08
rs5994367	-0.322619795799255	0.0629351437091827	-5.12622641000155	2.95607096577402e-07
rs5999930	0.577075362205505	0.0794013738632202	7.26782590940551	3.65319164948362e-13
rs17824359	0.671444714069366	0.0583913661539555	11.4990410106012	1.33389193683072e-30
rs34726907	0.281617701053619	0.048158273100853	5.84775331257945	4.98256728756488e-09
rs34726907	0.281617701053619	0.048158273100853	5.84775331257945	4.98256728756488e-09
rs16864796	-0.81734699010849	0.0967986956238747	-8.44378103279831	3.07234471779097e-17
rs2100632	-0.225842460989952	0.0397903434932232	-5.67581079133976	1.38033283921307e-08
rs12477646	-0.237444847822189	0.0431074202060699	-5.50821289437206	3.6249485354462e-08
rs4668574	-0.445816367864609	0.0704801827669144	-6.32541446918451	2.52553766795745e-10
rs2715877	-0.7457075715065	0.0898125767707825	-8.30293037254322	1.01574408840359e-16
rs7558875	-0.725300490856171	0.123138681054115	-5.89011092734888	3.85936473721015e-09
rs16861831	0.327913403511047	0.0639081671833992	5.13100935237313	2.88192589078103e-07
rs1366834	-0.37174391746521	0.0574139542877674	-6.47480080542743	9.49371007529822e-11
rs16985159	-0.570721030235291	0.0863393694162369	-6.61020614459065	3.83785216895446e-11
rs17014843	0.601467967033386	0.0725963115692139	8.28510366480454	1.18006252182297e-16
rs17024172	-0.344601184129715	0.0573504567146301	-6.00869119219773	1.87026970618496e-09
rs6719600	0.405997663736343	0.0603089146316051	6.73196767370737	1.67383835966436e-11
rs17041373	0.642826855182648	0.0738685056567192	8.7023129744899	3.25187278041092e-18
rs17043438	-0.732888102531433	0.147631287574768	-4.96431423562747	6.89442394164539e-07
rs730424	0.258411943912506	0.047886099666357	5.39638737990717	6.79960579448971e-08
rs7563611	-0.758528232574463	0.1016740873456	-7.46038889924974	8.62674708663321e-14
rs6745989	0.792786061763763	0.143323674798012	5.53143828387771	3.17615614410398e-08
rs17019204	0.629395663738251	0.0800132602453232	7.8661419595765	3.65745487599394e-15
rs12612437	0.578633010387421	0.0908669084310532	6.36791787437633	1.91611459748696e-10
rs12052966	-0.584743797779083	0.0803878232836723	-7.27403447305248	3.48906886942007e-13
rs17041554	-0.297336518764496	0.0481221452355385	-6.17878769346532	6.45956915662527e-10
rs17041888	-0.335473507642746	0.0565904267132282	-5.92809644894104	3.0646648599288e-09
rs156723	0.520678699016571	0.079280212521553	6.56757446096679	5.11414406313446e-11
rs10174327	0.755602478981018	0.06210732832551	12.166076038899	4.71194903232791e-34
rs17006855	0.380760341882706	0.0601780042052269	6.32723445902572	2.49593971299849e-10
rs1503998	-0.545217573642731	0.091654896736145	-5.94859187079002	2.70459071670686e-09
rs13388152	-0.76187264919281	0.131556510925293	-5.79121963507724	6.987712683615e-09
rs16830319	0.74379175901413	0.091318815946579	8.14500003426724	3.79281803214956e-16
rs2376105	0.312994420528412	0.0502023957669735	6.23465107086225	4.52786188009173e-10
rs10496822	-0.410054862499237	0.048064187169075	-8.53140116687692	1.44585706657847e-17
rs2380968	-0.780661940574646	0.0806197375059128	-9.68326075878616	3.55202571106385e-22
rs16827262	0.526256799697876	0.0969819575548172	5.42633715555205	5.75222565990167e-08
rs16830618	0.417211711406708	0.0617406256496906	6.7574908257963	1.4040192942962e-11
rs6707470	0.514579653739929	0.0848897024989128	6.06174410549406	1.34653328691057e-09
rs3755414	0.320502609014511	0.056793499737978	5.6432973930675	1.66823817644447e-08
rs16846969	0.645425200462341	0.0917662382125854	7.03336230223528	2.01614940346906e-12
rs4144083	-0.518986523151398	0.0696923434734344	-7.44682266781899	9.56150016362486e-14
rs11890130	0.285791337490082	0.0517513751983643	5.52239117114544	3.34416935710498e-08
rs4500910	-0.384991258382797	0.0421959273517132	-9.12389613276661	7.24710182070225e-20
rs2557800	-0.666169822216034	0.115313827991486	-5.77701593832458	7.60370856255202e-09
rs16861457	0.445671379566193	0.0766762271523476	5.81238013551046	6.15907827847187e-09
rs7601760	0.408814311027527	0.078557550907135	5.20401038864867	1.9503309637861e-07
rs6730777	0.430864602327347	0.073296882212162	5.87834829154376	4.14380331081129e-09
rs16823958	-0.35529163479805	0.0591132752597332	-6.01035272088988	1.85120117245473e-09
rs1947478	-0.44829723238945	0.0799491479992867	-5.60727967224178	2.05531402196108e-08
rs3219173	-0.406519949436188	0.0711919665336609	-5.71019413045681	1.1284737741684e-08
rs2259038	0.393243581056595	0.060339018702507	6.51723527350398	7.16150543365696e-11
rs10932124	0.768765926361084	0.131114542484283	5.86331547816855	4.53715002413355e-09
rs16841092	0.720858037471771	0.0746635943651199	9.65474597896575	4.69320961713902e-22
rs6436032	0.560593366622925	0.0877996161580086	6.38491819387972	1.71489119121828e-10
rs7578326	0.271402567625046	0.0412122197449207	6.58548773409604	4.53394525660963e-11
rs6436603	-0.296206027269363	0.0500249303877354	-5.92116820500332	3.19662698665701e-09
rs13405357	-0.329139202833176	0.0487872697412968	-6.74641570595148	1.51542039703945e-11
rs13423088	-0.272698402404785	0.0397699698805809	-6.8568923542972	7.0374618230052e-12
rs2894586	0.315136581659317	0.0428212955594063	7.35934253138431	1.8481823134377e-13
rs6713510	-0.315266996622086	0.0428370572626591	-7.35967913689774	1.84352810602359e-13
rs4072096	0.315413326025009	0.0428224541246891	7.36560602310643	1.76343908027633e-13
rs4645008	-0.315456122159958	0.0428383760154247	-7.36386743620656	1.78657116654498e-13
rs2943644	0.319518804550171	0.0427508167922497	7.47398128327917	7.78042120359473e-14
rs2943651	-0.279577672481537	0.0399081893265247	-7.00552135287475	2.46067800866214e-12
rs2943653	-0.728726148605347	0.0571895763278008	-12.7422896862955	3.44144227012838e-37
rs2943632	-0.278306692838669	0.0400200933218002	-6.95417400956101	3.54633662740655e-12
rs2943633	-0.314443141222	0.0427959524095058	-7.34749721686662	2.01952500277158e-13
rs1226989	-0.232698932290077	0.0418537855148315	-5.55980610660932	2.70074521142841e-08
rs955938	-0.725572288036346	0.111230693757534	-6.52313011386932	6.8855081429322e-11
rs13397769	0.430813252925873	0.06338070333004	6.79723054953359	1.0664935860647e-11
rs7570779	-0.338756889104843	0.0587424226105213	-5.76681849420641	8.07819708623176e-09
rs28689520	0.292759329080582	0.0550889037549496	5.3143066774909	1.07064177059607e-07
rs3731115	-0.374256193637848	0.0586938969790936	-6.37640730809126	1.81290387404098e-10
rs11927632	-0.565332293510437	0.0670913681387901	-8.42630444412684	3.56753247569335e-17
rs17005949	0.481718242168427	0.0792870745062828	6.07562134393362	1.2350854191634e-09
rs10222425	0.609758317470551	0.0754937827587128	8.07693422144989	6.64153481672015e-16
rs17019022	0.396453261375427	0.0640936344861984	6.18553253460447	6.18931678678985e-10
rs7634147	0.396966606378555	0.0655510425567627	6.05583970742813	1.39687047747814e-09
rs17054602	0.425853967666626	0.0839353427290916	5.07359538688137	3.90368650561206e-07
rs17055665	-0.556804955005646	0.0683066993951797	-8.15154238070152	3.59311712036443e-16
rs9828874	-0.355476528406143	0.0602799393236637	-5.89709499370043	3.69956898747675e-09
rs549754	-0.745963454246521	0.124970957636833	-5.96909448685109	2.38573928128561e-09
rs17067809	0.572384357452393	0.0735230073332787	7.78510534611	6.96551435643794e-15
rs9866620	-0.382755219936371	0.0619900338351727	-6.17446380097309	6.63883892252221e-10
rs9811981	-0.463223248720169	0.0596571825444698	-7.76475235609513	8.18049014707072e-15
rs4073921	-0.269351840019226	0.0514147840440273	-5.23880134921068	1.61622894640236e-07
rs3919917	-0.584008038043976	0.0604905225336552	-9.65453782812094	4.7027499986009e-22
rs2055202	-0.336566150188446	0.057844515889883	-5.81846256314354	5.93913575897182e-09
rs2713786	0.272694736719131	0.050473291426897	5.40275319896838	6.56257260268021e-08
rs6788482	0.372504442930222	0.0586821958422661	6.34782726828235	2.18377071570938e-10
rs1282952	-0.292809337377548	0.0527974180877209	-5.54590258355165	2.92441621841128e-08
rs16828526	-0.635903060436249	0.0525907427072525	-12.0915398357467	1.17071700852758e-33
rs2605420	0.575959384441376	0.107916086912155	5.33710404928057	9.44428486162015e-08
rs866580	0.321896523237228	0.0602009333670139	5.34703542343425	8.94065234033812e-08
rs1389813	-0.42075452208519	0.0770241096615791	-5.46263402373438	4.69121106887162e-08
rs16863208	0.513696730136871	0.0729515329003334	7.04161666950419	1.90022006938618e-12
rs9848846	0.511371433734894	0.0633826702833176	8.06800078710928	7.14585865171178e-16
rs9873090	0.717459917068481	0.118052758276463	6.07745153559471	1.22107568142679e-09
rs11917243	-0.500892043113708	0.0668506100773811	-7.49270713511685	6.74673333019441e-14
rs1805624	0.469777524471283	0.0547937862575054	8.57355471409744	1.00338827913596e-17
rs6803943	-0.749367535114288	0.0955919325351715	-7.83923407802819	4.53302839512758e-15
rs9827686	-0.617319881916046	0.0803856700658798	-7.67947672029261	1.5973974007365e-14
rs1426266	-0.243256837129593	0.0453032180666924	-5.36952665860263	7.89435673170995e-08
rs7641362	-0.74201101064682	0.0902056396007538	-8.22577184675956	1.93937869651021e-16
rs7669357	-0.751830279827118	0.129419788718224	-5.80923742244721	6.27580378670503e-09
rs12645385	0.269973576068878	0.0514631681144238	5.24595717598683	1.55473015072319e-07
rs1823944	0.448445677757263	0.081906795501709	5.47507291684859	4.37331493118541e-08
rs16892824	0.654922842979431	0.100945442914963	6.48788914157464	8.70472888378595e-11
rs16895955	-0.513999998569489	0.0540007427334785	-9.51838757304402	1.75886858848666e-21
rs16870624	0.360779762268066	0.065536729991436	5.5050009714432	3.69166233624008e-08
rs2016836	-0.38705512881279	0.061789732426405	-6.26406869901555	3.75060109594505e-10
rs10017426	-0.460502445697784	0.0545379891991615	-8.44370048217443	3.07446363844431e-17
rs16876966	-0.320909947156906	0.0602189265191555	-5.32905459639546	9.87253183430155e-08
rs10517084	-0.661907911300659	0.0700704008340836	-9.44632688584099	3.50929469982195e-21
rs2309412	-0.33319079875946	0.0628799498081207	-5.29884008775767	1.16540643993445e-07
rs16880551	-0.300103068351746	0.0551118776202202	-5.44534284278567	5.17056976171613e-08
rs16881868	-0.444906771183014	0.0665023401379585	-6.69009196157698	2.23030396615879e-11
rs6827600	0.501908719539642	0.0816032513976097	6.15059707724273	7.71917935058438e-10
rs7698281	0.412730783224106	0.0607921741902828	6.78920911649312	1.12749914234608e-11
rs6447097	0.690100848674774	0.10164026170969	6.78964061157059	1.12413221402437e-11
rs16856644	0.385897070169449	0.0522134676575661	7.39075735594301	1.45994828378394e-13
rs9994505	-0.722019135951996	0.115940131247044	-6.22751697954805	4.7388539636241e-10
rs6554058	0.269572615623474	0.0470045991241932	5.73502637287093	9.74971741080097e-09
rs17083864	0.544987380504608	0.0724632740020752	7.52087713410521	5.44099639424704e-14
rs10017180	0.367378383874893	0.0629262775182724	5.83823481006348	5.27567710029102e-09
rs17005163	-0.450717031955719	0.0625738501548767	-7.2029614741645	5.891862454066e-13
rs11947451	-0.41223555803299	0.071006178855896	-5.80562937867146	6.4124665923988e-09
rs17031772	0.658375084400177	0.057507086545229	11.4485904947101	2.39000028531066e-30
rs1912043	0.491779983043671	0.0529907383024693	9.28048936092583	1.68701941402231e-20
rs17020200	-0.71130782365799	0.089335635304451	-7.96219583857988	1.69012690069776e-15
rs1504352	0.759359836578369	0.115288443863392	6.58660843300264	4.49986954970468e-11
rs9308221	0.745370805263519	0.0758464261889458	9.82736883879906	8.58319536723823e-23
rs6836377	0.362422496080399	0.048299353569746	7.50367177393064	6.20545725514262e-14
rs4696202	-0.771935284137726	0.080005057156086	-9.6485811219623	4.9840535810571e-22
rs12504090	-0.493452936410904	0.0594429038465023	-8.30129257623641	1.02984729067756e-16
rs1120526	-0.187209010124207	0.0375056639313698	-4.99148636501339	5.99164131776762e-07
rs17053323	0.443022727966309	0.0619756020605564	7.14834085086307	8.78330014780301e-13
rs10428426	0.66748708486557	0.0779330879449844	8.56487407937398	1.08194018237863e-17
rs4563475	-0.505799412727356	0.0642508864402771	-7.87225578899226	3.48303110773649e-15
rs6844246	-0.260365307331085	0.0451701283454895	-5.76410377538996	8.20928939436683e-09
rs13133012	-0.427960395812988	0.0710835084319115	-6.02053001116169	1.73846867762416e-09
rs13356428	0.617024302482605	0.0583289228379726	10.5783592849227	3.75475523376125e-26
rs6893203	-0.520193576812744	0.0543633848428726	-9.56882244025585	1.08130187956902e-21
rs10065849	0.531233966350555	0.0583024583756924	9.11169067567206	8.11080152976635e-20
rs16902944	0.48737621307373	0.0757037326693535	6.43794164288322	1.21104540950094e-10
rs16902999	-0.506648302078247	0.0473732650279999	-10.69481492945	1.07634313591847e-26
rs16867785	-0.569861233234406	0.0856406986713409	-6.65409369698552	2.85051045269803e-11
rs16892342	-0.624507188796997	0.0843657478690147	-7.40237838899502	1.33766680834644e-13
rs7703294	-0.712544739246368	0.102258749306202	-6.96805646539579	3.21349259324111e-12
rs9293665	-0.35592857003212	0.0604101829230785	-5.89186380192444	3.81863861178134e-09
rs1390315	-0.345977455377579	0.0498876795172691	-6.93512824660076	4.05852807678291e-12
rs7735525	0.3819639980793	0.0543994978070259	7.02146184206075	2.19558782785847e-12
rs6875117	-0.777832329273224	0.103767827153206	-7.49589107349052	6.58494601059237e-14
rs291124	-0.356735050678253	0.0644242465496063	-5.53727935962075	3.07206335441865e-08
rs7735432	-0.373350709676743	0.0619646087288857	-6.02522500077855	1.68874525721103e-09
rs2636971	-0.495315432548523	0.0794550329446793	-6.23390884367749	4.54937874947419e-10
rs13187208	-0.263517409563065	0.0508221462368965	-5.18509014425985	2.15910407395278e-07
rs10042385	-0.505429863929749	0.0600838959217072	-8.41206876112617	4.02841602812059e-17
rs9324902	-0.546402275562286	0.0921036526560783	-5.93247129516776	2.98408572841776e-09
rs64827	0.366032898426056	0.0611233003437519	5.98843479274712	2.11870048979106e-09
rs17058770	-0.522323787212372	0.0938315391540527	-5.56661216389961	2.59739614551186e-08
rs7718064	0.449333369731903	0.0504236817359924	8.91115750104319	5.05025136924784e-19
rs6556547	0.286890208721161	0.0538849607110023	5.32412392874926	1.01440733220074e-07
rs17059516	0.528204262256622	0.0572279281914234	9.2298337358958	2.71052307271854e-20
rs17069589	-0.724325954914093	0.0927771255373955	-7.80716098627285	5.84905399486457e-15
rs11962042	-0.475734978914261	0.0846453234553337	-5.62033387662935	1.90588775737143e-08
rs9503942	-0.707744002342224	0.0872530117630959	-8.11139911438069	5.00401977633804e-16
rs6911497	-0.477447718381882	0.091289795935154	-5.23002284637626	1.69489092576641e-07
rs2115062	0.774092853069305	0.0893828421831131	8.66041886969167	4.70033872250542e-18
rs1858519	-0.305199444293976	0.0579378455877304	-5.26770440284733	1.3814030859273e-07
rs2473660	-0.71784496307373	0.0952721312642097	-7.53467938156012	4.89536128215966e-14
rs6916596	-0.305979251861572	0.0614527948200703	-4.97909416093213	6.38825590180515e-07
rs4540261	0.298369616270065	0.0493470318615437	6.04635385380869	1.48160503212603e-09
rs1449647	0.338420212268829	0.0592984482645988	5.70706691613153	1.14939603394915e-08
rs6906239	-0.520335614681244	0.0717732012271881	-7.24972003177333	4.17633990104856e-13
rs325040	-0.751389801502228	0.110414236783981	-6.80518947001625	1.00916331992873e-11
rs9473819	0.555142283439636	0.0758028328418732	7.32350312814401	2.41579960476034e-13
rs1326595	0.555251896381378	0.0656037256121635	8.46372505829805	2.58969935416856e-17
rs16884106	-0.427063465118408	0.0600902773439884	-7.10703102057046	1.18565793382421e-12
rs11756296	-0.43822506070137	0.049637645483017	-8.82848202079416	1.06105895084865e-18
rs6912856	0.381122052669525	0.0655810087919235	5.81146980948029	6.19267025364877e-09
rs6904134	-0.537210822105408	0.0864915326237679	-6.21113773578551	5.26023402154071e-10
rs9448318	0.587233901023865	0.0998377054929733	5.88188498648134	4.05620175164498e-09
rs606745	0.725045025348663	0.0897784605622292	8.07593514979135	6.69614636778336e-16
rs9451398	-0.535022437572479	0.0660628229379654	-8.09869172673529	5.55533583253589e-16
rs1770727	0.566361546516418	0.0693052038550377	8.17199164006571	3.03339558343312e-16
rs1230344	-0.686758875846863	0.0930085629224777	-7.38382417992281	1.53806528474387e-13
rs7746280	0.401003271341324	0.0700148567557335	5.72740258171686	1.01979963579597e-08
rs9495404	-0.744990110397339	0.0808104574680328	-9.2189814751642	2.9993560811254e-20
rs742378	0.467602610588074	0.0750619396567345	6.22955671977657	4.67756787081656e-10
rs6920054	-0.623596906661987	0.0767081379890442	-8.1294752161896	4.31152897845239e-16
rs6941782	0.376342743635178	0.0653427541255951	5.75951761861477	8.43546547578375e-09
rs6918096	0.641537487506866	0.0719211101531982	8.92001647555684	4.66218848432025e-19
rs6907932	-0.785968244075775	0.101279154419899	-7.7604147524493	8.46520888787895e-15
rs12110591	-0.567457616329193	0.0821904838085175	-6.90417661552184	5.04954454433292e-12
rs16870929	0.474598497152328	0.07572390884161	6.26748545357101	3.6692488742947e-10
rs12669876	-0.528841316699982	0.0955926552414894	-5.5322379670698	3.16170557183456e-08
rs6970485	0.25662836432457	0.0496206767857075	5.17180298513155	2.31845962521632e-07
rs17168423	-0.648297250270844	0.112755171954632	-5.74960100749695	8.9454298496444e-09
rs6956865	-0.653014957904816	0.107992827892303	-6.04683635617026	1.47717658412786e-09
rs17168937	-0.647110819816589	0.0575872734189034	-11.2370456421743	2.68208512944274e-29
rs1149517	-0.301299512386322	0.0578079484403133	-5.212077586483	1.86737414333464e-07
rs10241099	-0.686911761760712	0.0965015888214111	-7.11813940215982	1.093937018526e-12
rs7787486	0.821528434753418	0.0871914997696877	9.42211611135773	4.42086990892102e-21
rs17170698	-0.600298225879669	0.0743878185749054	-8.06984580782126	7.03870024874066e-16
rs17734485	-0.608765721321106	0.0910884067416191	-6.68324041552212	2.3371567609305e-11
rs1880596	-0.561612904071808	0.0658135637640953	-8.5333914766396	1.42118766014506e-17
rs10270382	-0.760691285133362	0.0845423340797424	-8.99775589843379	2.30378355685444e-19
rs11531619	0.419764697551727	0.0665228962898254	6.31007849873081	2.78893973806923e-10
rs16888146	0.55202853679657	0.0599573329091072	9.20702289465447	3.35295196403067e-20
rs2188516	0.394706934690475	0.0758466571569443	5.20401227273253	1.95031117967741e-07
rs17168765	-0.741315901279449	0.117322444915771	-6.31861961120619	2.6390998968506e-10
rs17161937	0.387809097766876	0.0433272309601307	8.95070119121469	3.53231345950343e-19
rs4730767	-0.670807838439941	0.110659100115299	-6.06193108150171	1.34496848058965e-09
rs10243337	-0.322826266288757	0.0639115646481514	-5.0511400881201	4.39180818296274e-07
rs7789623	0.688665747642517	0.109697625041008	6.27785466991719	3.43276548695999e-10
rs13437844	0.457747161388397	0.0760080367326736	6.02235212308312	1.71900404077889e-09
rs292552	0.639982223510742	0.0884101316332817	7.23878826654549	4.52711135254007e-13
rs3800759	0.732941567897797	0.0867125168442726	8.45254635168865	2.85017346115301e-17
rs10238974	-0.431441307067871	0.0603477321565151	-7.14925468862533	8.72503176675775e-13
rs17161201	-0.583975076675415	0.0617179870605469	-9.46199162494591	3.0213277291226e-21
rs10256066	-0.731295108795166	0.111207082867622	-6.57597600744262	4.83350491477156e-11
rs4252414	0.345427691936493	0.0615052655339241	5.6162295851884	1.95169302781223e-08
rs4025737	0.533563792705536	0.0910166427493095	5.86226624701101	4.56592123691084e-09
rs4270992	-0.409942030906677	0.0441198647022247	-9.29155231262543	1.52054269867294e-20
rs17065999	0.392024844884872	0.0665100365877151	5.89422085744698	3.76453388667378e-09
rs4272382	0.374413669109344	0.0581024624407291	6.44402411500695	1.16346586288441e-10
rs11990446	0.692028284072876	0.106900475919247	6.47357533371167	9.5710660250867e-11
rs417900	-0.734226882457733	0.121051393449306	-6.06541454448613	1.31613735691721e-09
rs1030515	-0.320733249187469	0.0627414882183075	-5.1119802589235	3.1879914859704e-07
rs7828187	0.478797644376755	0.057785477489233	8.28577810862544	1.17339372686927e-16
rs2705040	0.4965700507164	0.0571805834770203	8.68424245646184	3.81274762753371e-18
rs7016403	0.520876169204712	0.0798980370163918	6.51926115653942	7.06545460264191e-11
rs17059271	-0.607658803462982	0.0897918716073036	-6.76741438379324	1.31104183298558e-11
rs1369771	-0.363045692443848	0.0634994357824326	-5.71730579918454	1.08226250599454e-08
rs13264257	-0.479291200637817	0.0674183890223503	-7.10920577587406	1.16712624649408e-12
rs6471850	0.331341117620468	0.0638626739382744	5.1883376812678	2.12179591880271e-07
rs7015769	0.725083351135254	0.120379507541656	6.02331215621851	1.70883411544089e-09
rs16936186	0.440997958183289	0.0744962468743324	5.91973390185962	3.22462927356748e-09
rs6988750	0.651508867740631	0.0790368244051933	8.24310532013002	1.67797748788421e-16
rs16938847	-0.762942373752594	0.121088519692421	-6.30069948571968	2.96305386621717e-10
rs6984437	-0.534814119338989	0.0553926080465317	-9.65497271566861	4.68283916576164e-22
rs11986650	-0.721035301685333	0.07945816218853	-9.07440194721011	1.14303483568029e-19
rs16908391	0.491788268089294	0.0719073042273521	6.83919767781014	7.96379316651832e-12
rs6989773	0.634024679660797	0.121895238757133	5.20139003069712	1.9780349954919e-07
rs11562806	0.703814089298248	0.101674042642117	6.922259320165	4.44496588107375e-12
rs11783167	-0.42012232542038	0.0758553221821785	-5.53846867081245	3.05127815546489e-08
rs7012847	-0.587375998497009	0.0742558091878891	-7.91016898099884	2.57039756536289e-15
rs12541606	0.342077285051346	0.0537783391773701	6.36087484820082	2.00607851181156e-10
rs6578126	-0.786107361316681	0.0800988599658012	-9.81421410557298	9.7797038033827e-23
rs6578126	-0.786107361316681	0.0800988599658012	-9.81421410557298	9.7797038033827e-23
rs7850236	-0.711011826992035	0.0686565861105919	-10.3560614832602	3.92804967312128e-25
rs12006302	-0.765588581562042	0.0940548107028008	-8.13981311366611	3.9588849977937e-16
rs10114556	0.421840727329254	0.0645202547311783	6.53811317216339	6.22997765886829e-11
rs7865480	-0.736559212207794	0.0924540832638741	-7.9667569695713	1.62892565266652e-15
rs10977037	0.283487439155579	0.0555874854326248	5.09984283241561	3.39935629683984e-07
rs16930968	0.554699957370758	0.0760107487440109	7.29765153661198	2.92833842443345e-13
rs2784631	-0.345474898815155	0.0620866976678371	-5.564394818733	2.6306373958701e-08
rs16933858	0.677909672260284	0.0936123356223106	7.24167031784557	4.43192135690558e-13
rs6475396	-0.566916346549988	0.0670106112957001	-8.46009811861492	2.67152652020301e-17
rs12003960	-0.646377205848694	0.0798770785331726	-8.09214880812468	5.86212290473833e-16
rs10965295	-0.446974217891693	0.0634407922625542	-7.04553335402652	1.84752447401967e-12
rs274960	0.621974647045135	0.0959754958748817	6.48055674394192	9.13847769551478e-11
rs7039191	-0.518621861934662	0.0597990937530994	-8.67273781900385	4.21852505634657e-18
rs10491627	-0.239856138825417	0.0354833230376244	-6.75968647499807	1.38290667064487e-11
rs10119298	-0.406363219022751	0.0712588205933571	-5.70263745090153	1.17967716627325e-08
rs2240113	-0.824785768985748	0.137020602822304	-6.01942884498455	1.75033577787858e-09
rs7869474	0.311655730009079	0.0580206662416458	5.37146072592631	7.810137972622e-08
rs16908152	0.322497546672821	0.0473079159855843	6.81698908003245	9.29683281154992e-12
rs6477597	0.56150621175766	0.0693865269422531	8.09243864050111	5.84818643724532e-16
rs7040299	-0.522430121898651	0.0888268351554871	-5.88144473439994	4.06700747772778e-09
rs16921110	-0.762040555477142	0.139820441603661	-5.45013695234381	5.03310469184673e-08
rs2417805	-0.409798175096512	0.0613091476261616	-6.6841277519514	2.32304090700271e-11
rs7848776	-0.302966922521591	0.0572748109698296	-5.2897061970433	1.22512996224598e-07
rs10124284	0.767128229141235	0.0979287773370743	7.83353218534275	4.74351347058711e-15
rs3827670	-0.435318976640701	0.0718660056591034	-6.05736986003699	1.38365201285806e-09
rs887531	0.700078964233398	0.0847110226750374	8.26431959060384	1.40493759011871e-16
rs4836780	-0.326490849256516	0.0551736727356911	-5.9175116150155	3.26848786310018e-09
rs10124199	-0.36710923910141	0.0544864721596241	-6.73762173527996	1.61000039646486e-11
