SNP	beta	se	Z	P
rs7099820	-0.40426978468895	0.0807818323373795	-5.0044641597203	5.60176326375429e-07
rs896217	-0.2196004986763	0.0440944507718086	-4.9802298210436	6.35088086999695e-07
rs11011319	-0.233316481113434	0.0459281541407108	-5.08003174694586	3.77371798954653e-07
rs17095224	0.375865012407303	0.0589061491191387	6.38074323356479	1.76230575014918e-10
rs7106945	0.28853377699852	0.0535640232264996	5.38670845874352	7.17596909958775e-08
rs11115141	-0.32416632771492	0.0591911412775517	-5.4766020846748	4.33570689593794e-08
rs12227366	-0.301827400922775	0.0568323060870171	-5.31084204924996	1.09119874084043e-07
rs11838885	0.384829699993134	0.0640705674886703	6.0063413682294	1.8975645290955e-09
rs9588179	-0.475907325744629	0.0948515608906746	-5.01739055505009	5.23780215257497e-07
rs9588179	-0.475907325744629	0.0948515608906746	-5.01739055505009	5.23780215257497e-07
rs16960733	-0.338941395282745	0.0653416886925697	-5.18721511587269	2.13462109687217e-07
rs16972374	-0.321787625551224	0.0585833638906479	-5.49281577875717	3.95575369765914e-08
rs2239999	-0.309482306241989	0.0592060759663582	-5.22720516755479	1.72091505687896e-07
rs4988342	-0.33106517791748	0.0476716011762619	-6.94470438895881	3.79253625953822e-12
rs867514	0.295512765645981	0.0545004867017269	5.42220415871291	5.88685916510832e-08
rs16975303	-0.298019260168076	0.0585567317903042	-5.0894107484568	3.59177859790302e-07
rs17721902	0.281900435686111	0.0534023083746433	5.27880618396571	1.30028249525795e-07
rs4287688	-0.27394312620163	0.0524861700832844	-5.2193392233981	1.7956261374537e-07
rs935098	-0.38606184720993	0.0529143065214157	-7.29598236449875	2.9648774133195e-13
rs16865746	0.43298351764679	0.0578381381928921	7.48612474700993	7.09369747637952e-14
rs12088665	-0.36703023314476	0.0738231688737869	-4.97174855460702	6.63517264709599e-07
rs4072243	-0.859271824359894	0.169886246323586	-5.05792459928287	4.23843945386694e-07
rs6426151	0.34822678565979	0.0516595914959908	6.74079634731171	1.57520867390774e-11
rs16989975	-0.394672721624374	0.0563455186784267	-7.0045095134688	2.47852582332582e-12
rs17824359	0.402501970529556	0.0583915188908577	6.89315808485632	5.45671760245915e-12
rs10174327	0.484221011400223	0.0621074922382832	7.79649916538971	6.36482430999193e-15
rs16841092	0.391226381063461	0.0746637880802155	5.23984104105654	1.60714974203586e-07
rs2943653	-0.313955545425415	0.0571897253394127	-5.48971941309622	4.02572744886356e-08
rs11927632	-0.396177411079407	0.0670915469527245	-5.9050272213662	3.52588526311202e-09
rs3919917	-0.312368988990784	0.060490682721138	-5.16391905230769	2.41832309872228e-07
rs16828526	-0.326769948005676	0.0525908805429935	-6.2134336719945	5.18391198620803e-10
rs17031772	0.343178182840347	0.0575072392821312	5.96756490355433	2.40820506723088e-09
rs4696202	-0.414454281330109	0.0800052732229233	-5.18033705322512	2.21485330785966e-07
rs13356428	0.312346220016479	0.0583290793001652	5.35489714159768	8.56051004184398e-08
rs16902999	-0.238318398594856	0.0473733879625797	-5.03063869493784	4.88848605194388e-07
rs17059516	0.309201687574387	0.0572280772030354	5.40297180486062	6.5545765892922e-08
rs16884106	-0.338658511638641	0.060090433806181	-5.6358140587064	1.74233297522844e-08
rs17168937	-0.304562538862228	0.0575874224305153	-5.28869892084008	1.23189469964526e-07
rs16888146	0.365359961986542	0.05995749309659	6.0936497361215	1.10365004189915e-09
rs17161937	0.239626854658127	0.0433273464441299	5.53061459619095	3.19110746493503e-08
rs6984437	-0.311304241418839	0.0553927533328533	-5.61994525796942	1.91017973872783e-08
rs7850236	-0.349003970623016	0.0686567649245262	-5.0833151111427	3.7090360775314e-07
