SNP	beta	se	Z	P
rs7099820	-0.661519885063171	0.0807818546891212	-8.18896629210789	2.63479313898759e-16
rs17366712	0.334142684936523	0.0493722222745419	6.76782752614356	1.30730463838802e-11
rs2991813	0.586091876029968	0.0798225626349449	7.34243372654372	2.09744390433439e-13
rs17149878	0.267476707696915	0.0482192859053612	5.54708977279101	2.90463624975702e-08
rs11253923	-0.48286709189415	0.0753243640065193	-6.41050340434813	1.45039915211804e-10
rs12219473	-0.198051035404205	0.0400973483920097	-4.93925517138862	7.84215364439396e-07
rs16927065	-0.28226774930954	0.0544587820768356	-5.18314472973872	2.1817560401073e-07
rs16927693	-0.732632160186768	0.0963419675827026	-7.6044965508708	2.86015097960678e-14
rs2839655	0.431580096483231	0.080707348883152	5.34746962272385	8.91923752093938e-08
rs12247464	0.680992722511292	0.118007339537144	5.77076582848427	7.89120721985328e-09
rs896217	-0.265976309776306	0.0440944656729698	-6.03196581967771	1.61977043758931e-09
rs11010640	0.398876994848251	0.0614202320575714	6.49422806599573	8.34602337467326e-11
rs11011319	-0.329822957515717	0.045928169041872	-7.18127816536781	6.90626735528002e-13
rs11239674	0.452980607748032	0.0767951086163521	5.89856067540711	3.66686125921295e-09
rs12258461	-0.456294506788254	0.0802129358053207	-5.68854016134873	1.28129980559223e-08
rs3964884	0.734813749790192	0.109230823814869	6.72716477022639	1.73000803889843e-11
rs1904672	-0.747688055038452	0.0899475887417793	-8.31248580976315	9.3717861277329e-17
rs1454478	0.457560986280441	0.0795133486390114	5.75451787796985	8.6889410149952e-09
rs7088215	0.400915801525116	0.060606986284256	6.61500968955559	3.71527409133699e-11
rs7907014	-0.54174131155014	0.0602763555943966	-8.98762551597432	2.52629152301231e-19
rs7894319	1.4941132068634	0.302342653274536	4.94178770570853	7.74094795035356e-07
rs17291576	0.50206845998764	0.0720514208078384	6.968196523517	3.21029583070643e-12
rs2137949	0.326445341110229	0.0565800257027149	5.76962164749538	7.94497086223109e-09
rs7067703	-0.463207751512527	0.0829446092247963	-5.58454317696696	2.34315301194981e-08
rs12253366	-0.421410441398621	0.075271874666214	-5.59851130674406	2.16200304041338e-08
rs13376921	-0.603980302810669	0.0939074084162712	-6.43165766148455	1.26219766247287e-10
rs9420627	-0.681511640548706	0.0894627794623375	-7.61782324050878	2.5798924556633e-14
rs17109605	0.624003648757935	0.0821684524416924	7.59419984452956	3.09700125461281e-14
rs7071434	0.375927776098251	0.0715792626142502	5.25190903578001	1.50530804272863e-07
rs12221080	-0.281546711921692	0.0542253255844116	-5.19216268205551	2.07865248175083e-07
rs17095224	0.603664040565491	0.0589061677455902	10.2478919214819	1.20952664085322e-24
rs626114	0.356777548789978	0.0616284683346748	5.78916787047975	7.07359762798812e-09
rs954423	-0.359483391046524	0.0541402772068977	-6.63985131942997	3.13999725387652e-11
rs1235048	-0.375682860612869	0.0748241543769836	-5.02087679761913	5.14361444810758e-07
rs2015970	0.625236749649048	0.0807370692491531	7.74411005333348	9.62536137952071e-15
rs7129516	0.598663866519928	0.0851045250892639	7.03445399515484	2.00042789286261e-12
rs11026306	0.589656233787537	0.0845280885696411	6.97586144162872	3.04002231374598e-12
rs17243943	0.399068564176559	0.0580243393778801	6.87760633650042	6.08665872739632e-12
rs16922509	-0.319790124893188	0.0567772500216961	-5.63236375081547	1.77756266610905e-08
rs224678	-0.399406373500824	0.0589435771107674	-6.77607965241497	1.23480619146672e-11
rs11032434	-0.720780253410339	0.111006937921047	-6.49310995248774	8.40822748694509e-11
rs7944767	-0.479031473398209	0.0557797141373158	-8.5879155317819	8.85613384838191e-18
rs2135689	-0.377711206674576	0.0757872238755226	-4.9838374776064	6.23354435715183e-07
rs7104008	0.435659527778625	0.0751476734876633	5.79737878179483	6.73594354259738e-09
rs4075062	-0.608128309249878	0.0920187085866928	-6.60874640157493	3.87588008647121e-11
rs642302	-0.458879292011261	0.0555335059762001	-8.26310682073489	1.41929122450669e-16
rs7106945	0.509004712104797	0.053564041852951	9.50273158067803	2.04455392565512e-21
rs1534083	0.390118330717087	0.0589284896850586	6.62019903788578	3.58715540710428e-11
rs16919060	0.382814913988113	0.0698734596371651	5.47868841726132	4.28490144324269e-08
rs10741472	-0.5388303399086	0.0705004930496216	-7.64293009311787	2.12333289171315e-14
rs17129573	0.375980377197266	0.0568225048482418	6.61675120097948	3.67178690130758e-11
rs7120625	-0.409008055925369	0.0761689841747284	-5.36974544635021	7.88478570417101e-08
rs7934489	-0.41702863574028	0.062964640557766	-6.62321950933212	3.51458501379033e-11
rs2023	0.367078214883804	0.061602521687746	5.95881799684222	2.54068863697331e-09
rs1899053	-0.282274901866913	0.0562120787799358	-5.02160581842185	5.12412604285297e-07
rs11216478	0.593302726745605	0.0913274213671684	6.49643576774515	8.22452064585657e-11
rs7114310	-0.303175210952759	0.0568935051560402	-5.32881934627246	9.88532612272704e-08
rs7308757	0.401475310325623	0.0614605806767941	6.53224076155222	6.47928858617979e-11
rs1834861	-0.275120347738266	0.0554991215467453	-4.9572018451957	7.15156692520913e-07
rs12424392	0.577305555343628	0.064370796084404	8.96843895773257	3.00746344634301e-19
rs7316738	-0.354809433221817	0.058599941432476	-6.05477453643293	1.40614470524254e-09
rs11048013	-0.445511132478714	0.0794815942645073	-5.60521132724257	2.08001021945153e-08
rs794174	0.461617708206177	0.0702817812561989	6.56809915678485	5.09616031621369e-11
rs12308978	0.407909333705902	0.072452574968338	5.63001844840104	1.80190347170076e-08
rs11115141	-0.659073531627655	0.0591911599040031	-11.1346615389282	8.50675362767717e-29
rs1398441	0.399097383022308	0.0640190839767456	6.23403769987207	4.54563611428366e-10
rs12227366	-0.405174553394318	0.0568323247134686	-7.12929755094633	1.00882439016555e-12
rs11111949	-0.555296421051025	0.0857345461845398	-6.47692728034944	9.36092783772948e-11
rs17039931	0.467495918273926	0.0743045583367348	6.29161829016356	3.14173267584898e-10
rs9888440	-0.694495975971222	0.0888952016830444	-7.81252489248459	5.60535689165413e-15
rs16944937	0.437802702188492	0.078191302716732	5.59912275377409	2.15439209920827e-08
rs16947962	0.49771437048912	0.0570197142660618	8.72881207658664	2.57361440101242e-18
rs7137923	0.63323175907135	0.0761124193668365	8.31969032569289	8.81934310884605e-17
rs12307807	-0.477861642837524	0.0500508435070515	-9.54752426440525	1.32832583446142e-21
rs12307807	-0.477861642837524	0.0500508435070515	-9.54752426440525	1.32832583446142e-21
rs11839873	-0.332278251647949	0.0579655691981316	-5.73233828709922	9.90554604142114e-09
rs17086569	0.478358685970306	0.0644602179527283	7.42099082446648	1.16247371033269e-13
rs1359636	-0.21087384223938	0.0396366789937019	-5.32016928746445	1.0367074005425e-07
rs4943124	0.32199290394783	0.0507337786257267	6.34671638245668	2.19959094606228e-10
rs7322672	-0.475828915834427	0.059335432946682	-8.01930469205475	1.06345414196987e-15
rs1538142	0.433201789855957	0.0655668750405312	6.60702206088313	3.92127625550793e-11
rs9562483	0.398809522390366	0.0631625354290009	6.31402016530283	2.71878488686899e-10
rs17052985	-0.436029642820358	0.0808592736721039	-5.39245064936548	6.95031916898039e-08
rs17056966	0.48994904756546	0.0938263982534409	5.2218677971846	1.77127408319318e-07
rs9592151	0.698201179504395	0.127428457140923	5.47916215239313	4.27344592430495e-08
rs17837241	-0.491171211004257	0.0864732936024666	-5.68003357501635	1.34668304327073e-08
rs17081545	0.283714652061462	0.0527567341923714	5.37779027463923	7.54055795762082e-08
rs12429576	-0.425649613142014	0.0482729747891426	-8.81755506059572	1.16986072657387e-18
rs4884978	0.286871522665024	0.0491524040699005	5.83636809009502	5.3350963379404e-09
rs6563008	-0.560498654842377	0.0657367780804634	-8.52640897849166	1.50960859911644e-17
rs11838885	0.748030424118042	0.0640705898404121	11.6750981375581	1.70868428969953e-31
rs9588542	-0.48721906542778	0.0799609869718552	-6.09320974989056	1.10668901576216e-09
rs16951661	0.36533784866333	0.0586751811206341	6.22644603196381	4.77134472863126e-10
rs7996217	-0.462912023067474	0.059826772660017	-7.73753960786262	1.01359111516276e-14
rs16960473	-0.302386939525604	0.056155439466238	-5.38482010647261	7.25171389488107e-08
rs16964823	-0.351905971765518	0.0541175082325935	-6.50262702881754	7.89293201502318e-11
rs6492004	-0.258659869432449	0.0520279183983803	-4.97155906665106	6.64166226538684e-07
rs17121051	-0.463164776563644	0.0900642946362495	-5.14260149856575	2.70959967866076e-07
rs881155	-0.521356403827667	0.0881177634000778	-5.91658689134644	3.28690864432297e-09
rs11851966	0.36033883690834	0.0643633529543877	5.59850940586798	2.16202674207518e-08
rs7152113	0.620634734630585	0.0759658291935921	8.16991983394209	3.08594446529336e-16
rs8003342	0.479793757200241	0.0918637812137604	5.22288273856043	1.76158950677763e-07
rs7160492	-0.353761732578278	0.0565913356840611	-6.25116421625501	4.07404225464049e-10
rs17108178	0.46804603934288	0.0882416516542435	5.3041396049206	1.13205655116803e-07
rs7156708	-0.458994120359421	0.0791947394609451	-5.79576526778996	6.80103340499968e-09
rs17110341	-0.411415100097656	0.0781912431120872	-5.26165186436405	1.42766897353834e-07
rs10144578	0.504132568836212	0.101133994758129	4.98479833652265	6.20264717379963e-07
rs8003163	-0.585487604141235	0.0926244631409645	-6.32109039326021	2.59724032121099e-10
rs1950899	0.492516040802002	0.0841130390763283	5.85540656015376	4.7584450045815e-09
rs12432654	-0.706278264522552	0.131497740745544	-5.37102965053402	7.82883341723952e-08
rs11160443	0.480303823947906	0.076484426856041	6.27975973268302	3.39096657088054e-10
rs8024346	-0.261502027511597	0.0490088313817978	-5.33581438566439	9.51166661280999e-08
rs7182214	-0.42763763666153	0.066642202436924	-6.41691932475196	1.390595654587e-10
rs1865872	-0.63149619102478	0.0828198492527008	-7.62493770180566	2.44152266966369e-14
rs1402861	-0.345663636922836	0.0620811320841312	-5.56793385234018	2.57777638511493e-08
rs2467857	-0.612833917140961	0.0942429676651955	-6.50270181768994	7.8890075257964e-11
rs16960733	-0.485759615898132	0.0653417110443115	-7.43414287955689	1.05248160512545e-13
rs16963855	0.306622266769409	0.0615453571081161	4.98205358091868	6.29130077681556e-07
rs12443497	-0.459800481796265	0.0794385522603989	-5.78812766236025	7.11753104667242e-09
rs16976893	-0.508506774902344	0.0980236828327179	-5.1875910005354	2.13031833859886e-07
rs17301795	-0.404241114854813	0.0684660673141479	-5.90425492090854	3.54244046929957e-09
rs16944662	-0.538343548774719	0.0754923522472382	-7.13110047242453	9.95696014972133e-13
rs6495159	-0.404175698757172	0.0582479275763035	-6.93888547755988	3.95205335348516e-12
rs2955772	-0.538061261177063	0.0931984633207321	-5.77328468738143	7.77409282174564e-09
rs9920411	0.461051106452942	0.0776515454053879	5.93743632590925	2.89513427450436e-09
rs8032040	-0.36139041185379	0.061062578111887	-5.91836150762587	3.25164640386267e-09
rs4264375	0.315632671117783	0.0634148791432381	4.97726519993595	6.44889374611261e-07
rs4264375	0.315632671117783	0.0634148791432381	4.97726519993595	6.44889374611261e-07
rs7191272	-0.627212524414062	0.0750880837440491	-8.35302345112476	6.65374333164672e-17
rs4786115	-0.636393129825592	0.0902912169694901	-7.04822851197844	1.8120988337191e-12
rs12599624	-0.610010802745819	0.0818208679556847	-7.45544282268197	8.95664913241983e-14
rs4473208	0.367454022169113	0.058783195912838	6.2510044998908	4.0782112539418e-10
rs3136205	-0.633784413337708	0.0867086127400398	-7.30935939706302	2.68418955099651e-13
rs13334631	0.413962125778198	0.0588195025920868	7.03783792000121	1.95245605286989e-12
rs3380	-0.360442608594894	0.056838646531105	-6.34150583437347	2.27530139229946e-10
rs9937935	0.373955637216568	0.0542948693037033	6.88749493298921	5.67833950178957e-12
rs16961546	0.602063000202179	0.0952626690268517	6.32003077755963	2.61511213169694e-10
rs8057144	0.360844105482101	0.0724626705050468	4.97972408368484	6.36749878832581e-07
rs8047657	0.486911863088608	0.0665232017636299	7.31942916425914	2.49027988697832e-13
rs16968798	0.341987758874893	0.0549329705536366	6.225546432829	4.79880500012314e-10
rs12447587	-0.492704033851624	0.0845901146531105	-5.82460534392368	5.72477187907177e-09
rs16973284	-0.659724712371826	0.0922628566622734	-7.150490850145	8.64681462965005e-13
rs13339024	-0.522459506988525	0.0662033781409264	-7.89173485794594	2.98014355881764e-15
rs8051738	0.47354644536972	0.0799793004989624	5.92086255337859	3.20257438428057e-09
rs284003	0.275760382413864	0.0506306178867817	5.4465142619928	5.13664863109829e-08
rs1073923	0.279352277517319	0.0468094982206821	5.96785456234374	2.40393494163661e-09
rs9319533	-0.606117486953735	0.0913388803601265	-6.63591982476646	3.22485104269769e-11
rs16949485	0.289839684963226	0.0520395524799824	5.56960371776287	2.5531936831005e-08
rs7204861	0.555777728557587	0.0765871927142143	7.2567972380379	3.96363167778209e-13
rs12925978	-0.283665955066681	0.0506704263389111	-5.59825475257244	2.16520424688091e-08
rs9927071	-0.54170835018158	0.0556812845170498	-9.7287330003263	2.27407691383924e-22
rs8073301	0.529019892215729	0.0881158635020256	6.00368504819303	1.92888696668445e-09
rs2191073	-0.438644409179688	0.0630949661135674	-6.95213003823717	3.59811492593741e-12
rs16972641	-0.579818546772003	0.0974735021591187	-5.94847352283998	2.70654657205801e-09
rs2239999	-0.590017735958099	0.0592060945928097	-9.96548987086464	2.15807329952972e-23
rs2071600	-0.607103526592255	0.0614207684993744	-9.88433621761731	4.86797196965511e-23
rs7207260	0.42573207616806	0.0579712428152561	7.34384938968432	2.07536652828233e-13
rs16954302	-0.373529583215714	0.051332987844944	-7.27659929603152	3.42340159684222e-13
rs4988342	-0.482101649045944	0.0476716160774231	-10.1129705412748	4.83942483772886e-24
rs16967340	0.434079945087433	0.0550604239106178	7.88370147298712	3.17823063126181e-15
rs9903454	0.415299385786057	0.0689869150519371	6.01997328730234	1.74445857364527e-09
rs9906208	-0.372346520423889	0.0609646737575531	-6.10757833142276	1.01154171235436e-09
rs9890699	0.558129489421844	0.0831865221261978	6.7093740086301	1.95461098575652e-11
rs628274	0.521317064762115	0.087586373090744	5.95203393365774	2.64830444776653e-09
rs1112963	0.284784227609634	0.0576184205710888	4.94258997013414	7.70915092783308e-07
rs7244913	-0.395500957965851	0.0639897510409355	-6.18069224418206	6.38211251682159e-10
rs867514	0.542430400848389	0.0545005053281784	9.95275910896804	2.45286520145322e-23
rs9960403	0.505680620670319	0.0694693773984909	7.27918745794466	3.35836752627558e-13
rs1007922	0.506717264652252	0.069831445813179	7.25629061165194	3.97849830748156e-13
rs16940554	1.03616631031036	0.180052757263184	5.75479279551265	8.67481297475017e-09
rs9964963	-0.581120014190674	0.0954680070281029	-6.08706552363254	1.14998915521861e-09
rs16941197	0.36120593547821	0.0595754757523537	6.06299707919562	1.33608092564969e-09
rs3922835	0.206246718764305	0.0381598994135857	5.40480247416158	6.48798509478089e-08
rs16945515	0.207273200154305	0.0409615561366081	5.06018861839727	4.18841938669744e-07
rs4575606	0.379982560873032	0.0509678423404694	7.45533935564149	8.96368112187649e-14
rs16975303	-0.728410243988037	0.058556754142046	-12.4393890108914	1.59720967831218e-35
rs2337145	0.49341544508934	0.0618807189166546	7.97365405133556	1.54050377567249e-15
rs16954543	0.39562138915062	0.0528501644730568	7.48571727439579	7.11574305548435e-14
rs17074208	0.349999994039536	0.0482110306620598	7.25974925723736	3.87808537656453e-13
rs4891981	0.369574904441833	0.0559301376342773	6.60779536890207	3.90085363913026e-11
rs17058466	0.387700855731964	0.0617883838713169	6.27465603469102	3.50408069113218e-10
rs12964109	0.358103424310684	0.0609732381999493	5.87312458518862	4.27656828224299e-09
rs17058466	0.387700855731964	0.0617883838713169	6.27465603469102	3.50408069113218e-10
rs12964109	0.358103424310684	0.0609732381999493	5.87312458518862	4.27656828224299e-09
rs8106149	-0.408611357212067	0.0688604936003685	-5.93390107807592	2.95820105961448e-09
rs424116	-0.312504202127457	0.0542832426726818	-5.75691846582934	8.56632593586194e-09
rs412923	0.302841573953629	0.0538973622024059	5.61885705679508	1.92224803957686e-08
rs17304401	0.336918085813522	0.0542925596237183	6.20560327508183	5.44874748974942e-10
rs17721902	0.541160643100739	0.0534023232758045	10.1336535548431	3.91732971326195e-24
rs10409326	-0.55414491891861	0.111998170614243	-4.94780330678132	7.50556950330558e-07
rs4287688	-0.442077308893204	0.0524861849844456	-8.42273655485181	3.67790858402363e-17
rs8107057	-0.33335268497467	0.0498212985694408	-6.69096740844769	2.21700040811966e-11
rs16841063	-0.403964936733246	0.0568170733749866	-7.10992159112316	1.16108898955935e-12
rs17350963	-0.395692706108093	0.0554349273443222	-7.13796743432768	9.47210639125408e-13
rs1759260	-0.228910282254219	0.0440832041203976	-5.19268702948706	2.07280467967432e-07
rs935098	-0.600292861461639	0.0529143251478672	-11.3446190570161	7.88689550220006e-30
rs728567	-0.45448625087738	0.0727937594056129	-6.24347821280866	4.27945943621293e-10
rs16837151	0.454723685979843	0.0862125232815742	5.27445049363297	1.33154455824545e-07
rs12088653	-0.680835902690887	0.112617693841457	-6.045550032745	1.48901132034799e-09
rs16865746	0.573028385639191	0.0578381568193436	9.90744548497689	3.86399188214801e-23
rs1845964	0.373032033443451	0.0699881762266159	5.32992933314342	9.82509895395836e-08
rs732509	0.22041691839695	0.0441532395780087	4.99208938015802	5.97296010019644e-07
rs17111573	0.378869146108627	0.0592611543834209	6.39321238424307	1.62436389740567e-10
rs769968	-0.527423560619354	0.0824719667434692	-6.39518592129513	1.60352123343783e-10
rs10493250	-0.504079699516296	0.0688436180353165	-7.3220977325408	2.44124245950554e-13
rs2474362	-0.257209092378616	0.0435878857970238	-5.90093067547172	3.61456771837136e-09
rs17265852	0.254679203033447	0.0466914400458336	5.45451591948004	4.91064358982661e-08
rs4915751	-0.458527743816376	0.0840720534324646	-5.45398530303192	4.92532745119674e-08
rs7536775	0.515552163124084	0.0822935998439789	6.26479050742128	3.73326959448519e-10
rs6686846	-0.541044473648071	0.083600752055645	-6.47176562823202	9.68642892219572e-11
rs2703995	-0.25409397482872	0.0482076592743397	-5.27082166306239	1.35814382994053e-07
rs712908	-0.379694640636444	0.0749509409070015	-5.06590892711495	4.06456219489457e-07
rs11164749	-0.711962223052979	0.121035568416119	-5.88225620261691	4.0471121905082e-09
rs11185280	-0.361701160669327	0.0591374710202217	-6.11627711549663	9.57866993183483e-10
rs17029998	-0.306445807218552	0.0578730441629887	-5.29513889671164	1.18925981153739e-07
rs7546824	-0.452056765556335	0.0645646825432777	-7.0016105980746	2.53036562251191e-12
rs10776796	-0.192269057035446	0.0376063697040081	-5.11267262830089	3.17632490667377e-07
rs17022585	-0.292150884866714	0.0565304607152939	-5.16802589559782	2.36579536839874e-07
rs17023756	-0.431503891944885	0.073999784886837	-5.83115062570459	5.50464659136372e-09
rs6670659	-0.415375292301178	0.0630899295210838	-6.58386045846453	4.58387366221889e-11
rs16834743	-0.683515131473541	0.129622638225555	-5.27311541278896	1.34127155138121e-07
rs12088665	-0.579675555229187	0.0738231986761093	-7.85221401435674	4.08756191655237e-15
rs529878	-0.822091519832611	0.163996621966362	-5.01285642335507	5.36279128314575e-07
rs12095440	0.437046825885773	0.0708667188882828	6.16716609350507	6.95247193476643e-10
rs12062308	-0.325809627771378	0.0638197287917137	-5.10515531701352	3.30522929351411e-07
rs494885	-0.48393240571022	0.0630635023117065	-7.67373184125214	1.67063154949562e-14
rs7542547	0.298178464174271	0.0572767071425915	5.205928885401	1.9302856424553e-07
rs13375369	-0.431109547615051	0.0811928808689117	-5.30969640443095	1.09807994592462e-07
rs12730607	-0.277626007795334	0.0527197755873203	-5.26606960485822	1.39375458160169e-07
rs12097849	-0.530393660068512	0.10373342782259	-5.11304476485263	3.17007136481703e-07
rs6426151	0.462908625602722	0.0516596063971519	8.96074627522217	3.22488329256242e-19
rs906907	-0.685504555702209	0.074410617351532	-9.21245623408466	3.18746107761619e-20
rs16850603	-0.45136022567749	0.0801817625761032	-5.62921306761109	1.81033656249443e-08
rs16842608	0.336859434843063	0.0618257820606232	5.44852687043661	5.07887192502626e-08
rs8118368	0.510112345218658	0.0818433538079262	6.23278887636757	4.58203518842563e-10
rs16989668	-0.481401443481445	0.0971374660730362	-4.95587812759586	7.20043409722732e-07
rs7269135	-0.374295622110367	0.0613734796643257	-6.0986540792135	1.06965263233488e-09
rs6056196	0.658694982528687	0.0990651175379753	6.64911119977408	2.94868166792653e-11
rs996395	-0.432061403989792	0.071516640484333	-6.04141079703601	1.52772462153321e-09
rs2025041	-0.519527196884155	0.083829253911972	-6.19744507603162	5.73870542015089e-10
rs6035703	0.345171868801117	0.0640497505664825	5.38912120263192	7.0803045572397e-08
rs1572581	0.333292931318283	0.0569094941020012	5.85654356232562	4.7259966594739e-09
rs6098359	0.491486430168152	0.0696186348795891	7.05969645940654	1.66866705398071e-12
rs11697337	-0.216118827462196	0.0434724949300289	-4.97139232082377	6.64737806624915e-07
rs2032195	-0.472594708204269	0.0862677469849586	-5.47823172299457	4.29597307523853e-08
rs9984764	-0.554466187953949	0.0688839629292488	-8.04927829897715	8.32836746829471e-16
rs16989975	-0.678059816360474	0.0563455373048782	-12.0339577683248	2.35590393917779e-33
rs10483037	0.482394307851791	0.0736022293567657	6.55407196314018	5.59889640364133e-11
rs17206058	-0.303298056125641	0.0579029247164726	-5.23804380539964	1.6228754801275e-07
rs11912930	0.466183990240097	0.0523631796240807	8.90289691319106	5.44077053458975e-19
rs973896	0.249576985836029	0.0499392226338387	4.99761455371386	5.80438584538308e-07
rs5999930	0.462604314088821	0.0794016048312187	5.82613304947883	5.67263974576372e-09
rs17824359	0.682522118091583	0.0583915375173092	11.6887163296438	1.45570153075343e-31
rs34726907	0.300107151269913	0.0481584146618843	6.2316659170975	4.61500854337386e-10
rs34726907	0.300107151269913	0.0481584146618843	6.2316659170975	4.61500854337386e-10
rs12622577	0.262130886316299	0.0519484467804432	5.04598120948983	4.51199752830588e-07
rs16864796	-0.660008668899536	0.0967989787459373	-6.81834330744152	9.20963509118898e-12
rs4668574	-0.390721559524536	0.0704803913831711	-5.54369168298674	2.96160130388737e-08
rs2715877	-0.616980969905853	0.089812844991684	-6.86962950525597	6.43688588134891e-12
rs16861831	0.367037504911423	0.0639083534479141	5.74318512540871	9.29120519037465e-09
rs1366834	-0.356367200613022	0.0574141256511211	-6.20696033548433	5.40192252832309e-10
rs16985159	-0.527713418006897	0.0863396227359772	-6.11206536795535	9.83498800240682e-10
rs17014843	0.502605676651001	0.0725965201854706	6.92327504633744	4.41319713936497e-12
rs17024172	-0.329162865877151	0.0573506280779839	-5.73948144786773	9.49668854978498e-09
rs6719600	0.401016533374786	0.0603090934455395	6.64935435875708	2.94381477027397e-11
rs17041373	0.548792958259583	0.0738687291741371	7.42930011650622	1.09173787103914e-13
rs17048832	0.532204926013947	0.07853914052248	6.77630188557533	1.23290926312175e-11
rs730424	0.239627107977867	0.0478862412273884	5.00409098387979	5.61262451888834e-07
rs7563611	-0.621240079402924	0.101674385368824	-6.1100942695584	9.95723066840202e-10
rs17019204	0.545324683189392	0.0800134912133217	6.815409188127	9.399583505179e-12
rs12052966	-0.52568382024765	0.0803880617022514	-6.53932697363354	6.17962888416444e-11
rs17041554	-0.238922894001007	0.0481222867965698	-4.96491147669312	6.87324134795779e-07
rs924805	-0.382596671581268	0.0645811483263969	-5.92427792778787	3.136725726627e-09
rs156723	0.470640540122986	0.0792804509401321	5.93640089759815	2.91346887259849e-09
rs10174327	0.57944792509079	0.0621075108647346	9.32975604758631	1.06114863474757e-20
rs17006855	0.350568056106567	0.0601781830191612	5.82550084629414	5.69415708391924e-09
rs13388152	-0.665885210037231	0.131556898355484	-5.06157577718138	4.15805411500938e-07
rs16830319	0.692430436611176	0.0913190841674805	7.58253811811394	3.38859480749068e-14
rs2376105	0.341699182987213	0.0502025447785854	6.80641159714616	1.00063169423467e-11
rs10496822	-0.467709213495255	0.0480643287301064	-9.73090077095558	2.22612829487409e-22
rs2380968	-0.665874838829041	0.0806199759244919	-8.25942740857048	1.46372917746201e-16
rs7582005	-0.432896465063095	0.0747233182191849	-5.79332496709107	6.90063989044879e-09
rs16827262	0.659293174743652	0.0969822406768799	6.79808148525098	1.06021488151152e-11
rs16830618	0.37986347079277	0.0617408081889153	6.15255099399507	7.62464437963105e-10
rs6707470	0.439715325832367	0.0848899483680725	5.17982793352418	2.22090661729746e-07
rs3755414	0.333786517381668	0.0567936673760414	5.87717843913135	4.17318297983976e-09
rs16846969	0.523758232593536	0.0917665138840675	5.70750931276764	1.14641350254152e-08
rs4144083	-0.425727367401123	0.0696925520896912	-6.10864941282723	1.0047776917382e-09
rs11890130	0.321954846382141	0.0517515279352665	6.2211660066319	4.93473695770777e-10
rs4500910	-0.327921748161316	0.0421960540115833	-7.77138421690563	7.76330222714827e-15
rs16861457	0.385845154523849	0.0766764581203461	5.03212020980746	4.85084926117269e-07
rs16823958	-0.309234887361526	0.0591134503483772	-5.23121024976704	1.68403837648878e-07
rs1947478	-0.395468592643738	0.0799493789672852	-4.94648736177877	7.55646312236946e-07
rs2259038	0.306495368480682	0.0603391975164413	5.07954001869461	3.78349822139966e-07
rs16841092	0.630989670753479	0.0746638178825378	8.45107695599174	2.8862792307209e-17
rs13424542	0.361037969589233	0.0578588210046291	6.23998144656884	4.37622797151815e-10
rs6436032	0.487783282995224	0.0877998769283295	5.55562604482235	2.76618517854622e-08
rs7578326	0.209955915808678	0.0412123426795006	5.09449116837301	3.4967913410541e-07
rs13405357	-0.27963775396347	0.0487874150276184	-5.73176000009773	9.93938444116401e-09
rs13423088	-0.207579165697098	0.0397700890898705	-5.21947952462517	1.79426649241158e-07
rs2943651	-0.211550027132034	0.0399083085358143	-5.30090186463768	1.15232020265956e-07
rs2943653	-0.709441483020782	0.0571897439658642	-12.4050473708055	2.45367601696358e-35
rs2943632	-0.209973990917206	0.0400202125310898	-5.24669854649291	1.54848957699679e-07
rs955938	-0.654099762439728	0.111231029033661	-5.88055121059595	4.08902469436817e-09
rs7570779	-0.36849769949913	0.0587425976991653	-6.27309165635292	3.53948400724578e-10
rs4234544	-0.334971070289612	0.0665065720677376	-5.03666118813703	4.73722206959003e-07
rs28689520	0.299797147512436	0.0550890676677227	5.44204431486668	5.26725674324515e-08
rs3731115	-0.367444097995758	0.0586940683424473	-6.26032763399405	3.84169485177542e-10
rs11927632	-0.555767238140106	0.0670915693044662	-8.2837120058706	1.19394136372209e-16
rs10222425	0.543300449848175	0.0754940062761307	7.19660376561514	6.17308142109701e-13
rs17019022	0.535349905490875	0.0640938207507133	8.35259778899851	6.67777382888273e-17
rs7634147	0.38914543390274	0.0655512362718582	5.9365079292914	2.91156840737742e-09
rs17055665	-0.45967698097229	0.0683069080114365	-6.72958261989149	1.70150451455569e-11
rs1513471	0.351169943809509	0.0533868409693241	6.57783711179484	4.77340725685675e-11
rs9828874	-0.301592230796814	0.060280118137598	-5.00317915947654	5.63924857888168e-07
rs17067809	0.47346892952919	0.073523223400116	6.43971941970709	1.19694562930787e-10
rs4422316	0.32907971739769	0.0540263988077641	6.09109110841565	1.12143702169224e-09
rs9866620	-0.416127562522888	0.0619902163743973	-6.71279416109207	1.90932369359489e-11
rs9811981	-0.460462063550949	0.0596573576331139	-7.71844549976114	1.17756991911385e-14
rs4073921	-0.262504667043686	0.0514149330556393	-5.10561137480454	3.29726714228397e-07
rs3919917	-0.560921430587769	0.0604907013475895	-9.27285381210283	1.81230728747449e-20
rs2055202	-0.389004081487656	0.0578446872532368	-6.72497510073215	1.75622471593817e-11
rs2713786	0.26716348528862	0.050473440438509	5.29314988175021	1.20227303290012e-07
rs6788482	0.333917647600174	0.0586823672056198	5.69025524192207	1.26849615678497e-08
rs1282952	-0.33564630150795	0.0527975745499134	-6.35722955778279	2.05424892462334e-10
rs16828526	-0.603175044059753	0.052590899169445	-11.4691905555057	1.88413400555386e-30
rs10934497	-0.340428590774536	0.0657985806465149	-5.1737983924516	2.29382326797348e-07
rs702033	0.931822240352631	0.180512428283691	5.16209465028187	2.44201753488476e-07
rs820349	-0.88867974281311	0.154062703251839	-5.76829903705134	8.00756255178939e-09
rs2605420	0.701970160007477	0.10791639983654	6.50475887882421	7.78180968992755e-11
rs866580	0.380277872085571	0.0602011121809483	6.3167914729309	2.67049529891406e-10
rs16849860	-1.02538061141968	0.201463907957077	-5.08964916752306	3.58726578171929e-07
rs16863208	0.397047489881516	0.0729517489671707	5.44260412536775	5.25072493391644e-08
rs9848846	0.490670680999756	0.0633828565478325	7.74137846926269	9.8344672557149e-15
rs9873090	0.601429283618927	0.11805310100317	5.09456573786043	3.49541535534581e-07
rs11917243	-0.43704080581665	0.0668508112430573	-6.53755425985258	6.25329617382694e-11
rs1805624	0.430468767881393	0.0547939501702785	7.85613679144617	3.96162411231183e-15
rs6803943	-0.722071886062622	0.0955922156572342	-7.55366826784056	4.23167180567002e-14
rs9827686	-0.535075843334198	0.0803859084844589	-6.6563388213451	2.80732675965321e-11
rs7641362	-0.618588387966156	0.0902059078216553	-6.85751524378157	7.00685501806504e-12
rs7669357	-0.64915257692337	0.129420161247253	-5.01585356305642	5.27985325027998e-07
rs12645385	0.307652175426483	0.051463320851326	5.97808634066327	2.25774070426149e-09
rs4834891	0.565364360809326	0.104756571352482	5.39693456467761	6.77890967595348e-08
rs16892824	0.572712957859039	0.100945740938187	5.67347321973429	1.39930984766086e-08
rs16895955	-0.483454406261444	0.0540008991956711	-8.95271029672408	3.46859269626873e-19
rs16870624	0.523414433002472	0.0655369237065315	7.98655785777	1.38758656065932e-15
rs2016836	-0.392240434885025	0.0617899149656296	-6.3479685172444	2.1817671578614e-10
rs10017426	-0.507967531681061	0.0545381493866444	-9.31398548344317	1.2312353463927e-20
rs16876966	-0.314731955528259	0.0602191016077995	-5.22644720902803	1.72798125309906e-07
rs10517084	-0.511679232120514	0.0700706094503403	-7.30233740129156	2.82810982875674e-13
rs2309412	-0.406092077493668	0.0628801360726357	-6.45819336371303	1.05960300321363e-10
rs16880551	-0.27493953704834	0.0551120415329933	-4.98873802168524	6.07749979039346e-07
rs16881868	-0.380156487226486	0.066502533853054	-5.71642109256305	1.08790952279108e-08
rs9985580	0.697342097759247	0.132680669426918	5.25579272980192	1.47388211625547e-07
rs6827600	0.451730072498322	0.0816034898161888	5.53567100519647	3.10039063799598e-08
rs7698281	0.321074664592743	0.0607923567295074	5.28149724514463	1.2813240981811e-07
rs6447097	0.598934590816498	0.101640567183495	5.89267265436666	3.79998715614154e-09
rs16856644	0.365159779787064	0.0522136203944683	6.99357326744097	2.67971814806116e-12
rs17083864	0.449331670999527	0.0724634826183319	6.20080149012676	5.61763339987692e-10
rs10017180	0.381083250045776	0.0629264637827873	6.05600930256018	1.39539935976146e-09
rs17005163	-0.450089961290359	0.0625740364193916	-7.19291877343039	6.34206763224032e-13
rs11947451	-0.401843637228012	0.0710063874721527	-5.6592604064755	1.52026727856721e-08
rs17031772	0.646182000637054	0.0575072579085827	11.2365295118795	2.6978074936878e-29
rs1506543	-0.530011057853699	0.103663951158524	-5.11278078763562	3.17450612421613e-07
rs1912043	0.49882835149765	0.0529908947646618	9.41347289403207	4.80009001647204e-21
rs17020200	-0.616135597229004	0.0893358960747719	-6.89684241498304	5.31711070628371e-12
rs1504352	0.59943014383316	0.115288779139519	5.19937975149991	1.99954634741979e-07
rs9308221	0.604974865913391	0.0758466497063637	7.9762898988356	1.50797520097146e-15
rs6836377	0.338351994752884	0.0482994988560677	7.00528996711066	2.46474826774065e-12
rs4696202	-0.685470521450043	0.0800052955746651	-8.56781437436634	1.05467625439924e-17
rs12504090	-0.439725577831268	0.0594430789351463	-7.39742263874013	1.38853076895598e-13
rs17053323	0.418733865022659	0.0619757883250713	6.75641046833231	1.41452320662119e-11
rs3792617	0.253052949905396	0.0485501624643803	5.21219573860444	1.86618487568296e-07
rs10428426	0.550375819206238	0.0779333189129829	7.06213756687002	1.63960541153904e-12
rs4563475	-0.41400820016861	0.064251072704792	-6.44359981460251	1.16672476377633e-10
rs13133012	-0.497153341770172	0.0710837170481682	-6.99391312687388	2.67323124740054e-12
rs13356428	0.582490801811218	0.0583290979266167	9.98628167615492	1.75024342008007e-23
rs6893203	-0.493892520666122	0.0543635450303555	-9.08499474032355	1.0370369643529e-19
rs10065849	0.547606468200684	0.0583026334643364	9.39248256317022	5.86024104235308e-21
rs10447140	0.356584072113037	0.0656056180596352	5.43526732404081	5.47143403465286e-08
rs16902944	0.450925588607788	0.0757039561867714	5.9564336042795	2.57801778488459e-09
rs16902999	-0.398107528686523	0.0473734065890312	-8.4036077907621	4.32967031886768e-17
rs16867785	-0.441726326942444	0.0856409519910812	-5.15788669640718	2.49752668332397e-07
rs12110149	0.466452300548553	0.0823766365647316	5.66243439888462	1.49240438023164e-08
rs16892342	-0.480176270008087	0.084366001188755	-5.69158503712617	1.25865443538098e-08
rs16895228	0.297958254814148	0.0563802868127823	5.28479494621152	1.25845639125125e-07
rs7703294	-0.509244382381439	0.102259047329426	-4.9799445201256	6.36025036746333e-07
rs1390315	-0.30343222618103	0.0498878285288811	-6.08228971131439	1.18478235443633e-09
rs7735525	0.372592389583588	0.0543996579945087	6.84916786832003	7.42807918268748e-12
rs6875117	-0.771610975265503	0.10376813262701	-7.43591462746106	1.03846893052243e-13
rs291124	-0.41923314332962	0.0644244402647018	-6.50736182739205	7.64820430782340e-11
rs7735432	-0.421130537986755	0.0619647912681103	-6.79628752664719	1.07349431940989e-11
rs2636971	-0.399835348129272	0.0794552639126778	-5.03220716211698	4.84864900642572e-07
rs13187208	-0.259308189153671	0.0508222989737988	-5.10225224733254	3.35634979570644e-07
rs10042385	-0.415461182594299	0.0600840747356415	-6.914663900913	4.68973911852465e-12
rs703253	-0.319304496049881	0.0535063818097115	-5.96759648569485	2.4077391273571e-09
rs9324902	-0.498322457075119	0.0921039283275604	-5.41043651583323	6.28713084714605e-08
rs64827	0.363239288330078	0.0611234791576862	5.94271290403798	2.80343184734405e-09
rs7718064	0.426701188087463	0.0504238307476044	8.46229216941704	2.62172690429112e-17
rs6556547	0.284171372652054	0.0538851208984852	5.27365194535627	1.33735430524348e-07
rs17059516	0.533345341682434	0.0572280958294868	9.31964158429377	1.16733962350297e-20
rs10056241	-0.535164654254913	0.0967119410634041	-5.53359438731625	3.13734027138691e-08
rs17069589	-0.612815797328949	0.0927774012088776	-6.60522702020145	3.96908637672938e-11
rs3749796	-0.442192435264587	0.0838702768087387	-5.27233785424342	1.34696824283468e-07
rs3749796	-0.442192435264587	0.0838702768087387	-5.27233785424342	1.34696824283468e-07
rs11962042	-0.42014217376709	0.084645576775074	-4.96354552445806	6.92178073765286e-07
rs9503942	-0.559320211410522	0.0872532725334167	-6.41030640078641	1.45227466219621e-10
rs6939502	0.288187801837921	0.0545696578919888	5.28109966179995	1.28410812145802e-07
rs2115062	0.700175344944	0.089383102953434	7.83341953689805	4.74776734256619e-15
rs2473660	-0.600630223751068	0.0952724069356918	-6.30434606482115	2.89413197439716e-10
rs1449647	0.390331745147705	0.0592986233532429	6.58247566427457	4.62678554263515e-11
rs6906239	-0.390875250101089	0.0717734098434448	-5.4459618256076	5.15261873309167e-08
rs325040	-0.671283781528473	0.110414564609528	-6.07966697058864	1.20432415625548e-09
rs9473819	0.48870062828064	0.0758030563592911	6.44697788918033	1.14102426094146e-10
rs1326595	0.522479474544525	0.0656039193272591	7.96415031148039	1.6636293366613e-15
rs16884106	-0.344300389289856	0.0600904524326324	-5.72970206333281	1.0060718181651e-08
rs11756296	-0.403263688087463	0.0496377907693386	-8.12412643345441	4.50595871715331e-16
rs6912856	0.371209681034088	0.065581202507019	5.66030610668291	1.51103224484256e-08
rs6904134	-0.492638528347015	0.0864917859435081	-5.69578397500984	1.22806292741743e-08
rs9448318	0.504359364509583	0.0998380035161972	5.05177734676714	4.37717769658618e-07
rs606745	0.596837103366852	0.08977872133255	6.64786816417337	2.97368468196417e-11
rs9451398	-0.463778883218765	0.0660630166530609	-7.02024985710786	2.21471832481806e-12
rs1770727	0.490330874919891	0.0693054124712944	7.07492903419312	1.49525260079384e-12
rs1230344	-0.610750079154968	0.0930088385939598	-6.56658107323825	5.148362239428e-11
rs9495404	-0.648655712604523	0.0808106958866119	-8.02685468164601	1.00003422875907e-15
rs12183158	0.292948365211487	0.0556307844817638	5.26593985579185	1.39473944577205e-07
rs742378	0.393159747123718	0.0750621631741524	5.2377886607337	1.62512001105962e-07
rs3901447	0.349442571401596	0.0621265023946762	5.62469409885113	1.85836993283247e-08
rs6920054	-0.507153391838074	0.0767083615064621	-6.61144863321517	3.80577179763201e-11
rs6941782	0.381438702344894	0.0653429478406906	5.8374884352457	5.29935716922974e-09
rs6918096	0.540995836257935	0.0719213262200356	7.52205033876623	5.39238131292051e-14
rs6907932	-0.627321600914001	0.101279452443123	-6.19396714517483	5.86684611659707e-10
rs12110591	-0.502876341342926	0.0821907296776772	-6.11840706750053	9.45153756834002e-10
rs16870929	0.427362084388733	0.0757241323590279	5.6436709286083	1.66462101093389e-08
rs12669876	-0.475925624370575	0.0955929383635521	-4.97866926697628	6.40229375189868e-07
rs6970485	0.303720027208328	0.0496208220720291	6.12081812686317	9.30961161635588e-10
rs17168423	-0.589978396892548	0.112755507230759	-5.2323687896249	1.67351440711577e-07
rs6956865	-0.550499677658081	0.107993148267269	-5.09754263572043	3.44090933543331e-07
rs17168937	-0.592046797275543	0.0575874410569668	-10.2808318343209	8.59822720864069e-25
rs10241099	-0.553285241127014	0.0965018719434738	-5.73341459584434	9.84286385906859e-09
rs7787486	0.711672306060791	0.0871917530894279	8.16215158939248	3.29108799429321e-16
rs3807615	-0.327462762594223	0.0630048662424088	-5.19742016964726	2.02073272688103e-07
rs17170698	-0.548350632190704	0.0743880346417427	-7.37148971379058	1.68731785671261e-13
rs17734485	-0.525594532489777	0.0910886749625206	-5.77014137823432	7.92050535884607e-09
rs1880596	-0.508654057979584	0.0658137574791908	-7.72868891645355	1.08659840888745e-14
rs10270382	-0.650009155273438	0.0845425873994827	-7.68854106868056	1.48822249188588e-14
rs7811441	0.370570480823517	0.0607050135731697	6.10444605826266	1.03157821706184e-09
rs11531619	0.363020598888397	0.0665230974555016	5.45706097241229	4.84080164069822e-08
rs16888146	0.510356366634369	0.0599575117230415	8.51196709082643	1.71007118668025e-17
rs17168765	-0.619536161422729	0.117322787642479	-5.28061235052357	1.28752843524201e-07
rs17161937	0.322827786207199	0.0433273576200008	7.45089947645861	9.27059813730151e-14
rs4730767	-0.603174865245819	0.110659427940845	-5.45073182167774	5.0162966272517e-08
rs7789623	0.591338813304901	0.109697945415974	5.39060974262141	7.02190181521219e-08
rs13437844	0.440281391143799	0.0760082602500916	5.79254662184257	6.93270721733136e-09
rs292552	0.590772926807404	0.0884103924036026	6.68216609774182	2.35435954437454e-11
rs3800759	0.625076651573181	0.0867127776145935	7.2085875780778	5.65352061634793e-13
rs10238974	-0.384702682495117	0.0603479109704494	-6.37474729959575	1.83264874720622e-10
rs17161201	-0.62241119146347	0.0617181695997715	-10.0847318625887	6.45411554138605e-24
rs10256066	-0.555527627468109	0.111207410693169	-4.99541913623777	5.87081201122026e-07
rs4025737	0.540619432926178	0.091016910970211	5.93976907327824	2.85423845098572e-09
rs4270992	-0.392464220523834	0.0441199950873852	-8.89538223534498	5.82185649470926e-19
rs17065999	0.613306641578674	0.0665102303028107	9.22123767706689	2.93690391925096e-20
rs4272382	0.310139715671539	0.0581026338040829	5.33779099786257	9.40858234911715e-08
rs11990446	0.598362863063812	0.106900788843632	5.5973662078309	2.17632684635012e-08
rs417900	-0.646552741527557	0.121051751077175	-5.34112671460123	9.23706588250357e-08
rs2705189	0.301318526268005	0.054800920188427	5.49842092490334	3.83207312510972e-08
rs17124170	0.328433156013489	0.0531803332269192	6.17583862462976	6.58131840420724e-10
rs7828187	0.513798475265503	0.0577856451272964	8.89145520714795	6.03137462441443e-19
rs2705040	0.495533019304276	0.0571807511150837	8.6660809737695	4.47248924979798e-18
rs7016403	0.501187026500702	0.0798982754349709	6.27281407229643	3.54580236544613e-10
rs17059271	-0.488045156002045	0.0897921398282051	-5.43527704023757	5.4711358861164e-08
rs6988356	-0.391843318939209	0.0599934011697769	-6.53144031341582	6.51401816854099e-11
rs1369771	-0.336615741252899	0.0634996220469475	-5.30106684735898	1.15127921261336e-07
rs13264257	-0.439929068088531	0.0674185901880264	-6.52533769783075	6.78484922326044e-11
rs6471850	0.3750319480896	0.0638628602027893	5.87245774615682	4.29381169968652e-09
rs7015769	0.616499245166779	0.120379865169525	5.12128207070671	3.03465311844756e-07
rs16936186	0.380492448806763	0.0744964629411697	5.10752368346991	3.26408196224189e-07
rs7828955	-0.664393305778503	0.133592650294304	-4.97327737951787	6.58303624438138e-07
rs6988750	0.558377385139465	0.0790370628237724	7.06475373945094	1.60901080117471e-12
rs6984437	-0.522271633148193	0.0553927719593048	-9.42851593583163	4.15932003528173e-21
rs11986650	-0.625172734260559	0.0794583931565285	-7.86792570835159	3.60569580791312e-15
rs16908391	0.386248856782913	0.0719075128436089	5.37146734059573	7.80985143602035e-08
rs16899255	0.342945694923401	0.0638538375496864	5.37079223557309	7.83914844150262e-08
rs16888338	-0.356430113315582	0.0631327927112579	-5.64572067872459	1.64490724189837e-08
rs11562806	0.593808710575104	0.101674348115921	5.84030015022167	5.21068583031462e-09
rs11783167	-0.389491975307465	0.0758555456995964	-5.1346539229964	2.82663674693897e-07
rs7012847	-0.55031681060791	0.0742560252547264	-7.41107282163453	1.25281763150221e-13
rs12541606	0.35521200299263	0.0537784993648529	6.60509324707524	3.9726721154252e-11
rs4351399	0.32701176404953	0.0660206526517868	4.95317375570778	7.3012723224296e-07
rs7007081	0.491222858428955	0.0985448807477951	4.98476282787471	6.20378635136153e-07
rs7011650	0.256378203630447	0.0507694594562054	5.04985096111971	4.42154894959736e-07
rs16893382	-0.473913222551346	0.0663310512900352	-7.14466623601579	9.02148210395841e-13
rs6578126	-0.681016623973846	0.0800990983843803	-8.50217590097927	1.86069577412879e-17
rs6578126	-0.681016623973846	0.0800990983843803	-8.50217590097927	1.86069577412879e-17
rs7850236	-0.583708226680756	0.068656787276268	-8.50182844023815	1.86627489680074e-17
rs12006302	-0.658858060836792	0.0940550863742828	-7.00502318625207	2.46944935052589e-12
rs7865480	-0.608142256736755	0.0924543514847755	-6.57775699002008	4.77597937578003e-11
rs16930968	0.457955747842789	0.0760109722614288	6.02486370346265	1.69252192046947e-09
rs2784631	-0.335658699274063	0.0620868802070618	-5.40627421050357	6.43492567350301e-08
rs16933858	0.607920527458191	0.0936126112937927	6.49400245390336	8.35853852695834e-11
rs6475396	-0.513866603374481	0.0670108124613762	-7.66841326794335	1.74137048602534e-14
rs12003960	-0.565734684467316	0.0798773095011711	-7.08254556895186	1.41530198986454e-12
rs10965295	-0.405090421438217	0.0634409859776497	-6.38531093417953	1.71049556882647e-10
rs274960	0.59699273109436	0.0959757789969444	6.22024366286588	4.96383408108433e-10
rs7039191	-0.469682663679123	0.0597992688417435	-7.85432117777427	4.01943087102773e-15
rs10491627	-0.320657402276993	0.035483431071043	-9.03682063989218	1.6129472425682e-19
rs10119298	-0.443953216075897	0.0712590366601944	-6.23013216124336	4.66041850047657e-10
rs7869474	0.428544968366623	0.0580208376049995	7.38605277097372	1.51251783844802e-13
rs16908152	0.277449697256088	0.0473080575466156	5.86474506975264	4.49823265733109e-09
rs6477597	0.478734105825424	0.0693867281079292	6.89950540801932	5.21839021237007e-12
rs10124284	0.62979131937027	0.097929060459137	6.43109733124688	1.26686002778001e-10
rs887531	0.606824338436127	0.0847112685441971	7.16344293816735	7.86756197533184e-13
rs4836780	-0.325486421585083	0.0551738366484642	-5.89928925296412	3.65070744545966e-09
rs10124199	-0.356076568365097	0.0544866323471069	-6.53511793675763	6.35594361020897e-11
