SNP	beta	se	Z	P
rs4242759	-0.841396510601044	0.149510160088539	-5.62768784477773	1.8264122110634e-08
rs12246606	0.891651391983032	0.175384894013405	5.08396915822683	3.69627984308457e-07
rs7099820	-0.77243846654892	0.080781452357769	-9.5620769867804	1.15416785311751e-21
rs17366712	0.270369291305542	0.0493719764053822	5.47616909409501	4.34632383498621e-08
rs1547914	0.798577070236206	0.115889720618725	6.8908360980825	5.54654153437984e-12
rs827395	-0.671887576580048	0.109700433909893	-6.12474857785823	9.08269122647583e-10
rs2991813	0.621236443519592	0.0798221677541733	7.7827558559021	7.09614963657853e-15
rs4749869	0.721477150917053	0.130238980054855	5.53964067142706	3.03092898839582e-08
rs4748027	-0.275800585746765	0.0525963269174099	-5.24372331512512	1.57368133881789e-07
rs12262117	0.692266345024109	0.127665624022484	5.42249607382321	5.87725058113029e-08
rs9783219	-0.559394598007202	0.0948227569460869	-5.89937074203881	3.64890500607118e-09
rs11253923	-0.561528265476227	0.0753239840269089	-7.45484021763407	8.99768062800629e-14
rs11010733	0.753442466259003	0.115293592214584	6.53498994858881	6.36138134313011e-11
rs11012220	0.425270915031433	0.0857104659080505	4.9617151245877	6.98734247011621e-07
rs788950	0.317319244146347	0.0556076429784298	5.70639622811265	1.15393203666508e-08
rs16927693	-0.834539532661438	0.0963414907455444	-8.66230661580285	4.62312844204583e-18
rs2839655	0.483652770519257	0.0807069465517998	5.99270312139533	2.06381411772505e-09
rs12247464	0.787814915180206	0.118006743490696	6.67601606379655	2.45525068961827e-11
rs12266106	0.697939813137054	0.119285874068737	5.85098460807585	4.88671450908513e-09
rs16934374	0.50938218832016	0.0785229951143265	6.48704481507002	8.75363077094478e-11
rs12241893	0.879202961921692	0.135903969407082	6.46929567809869	9.846076628707e-11
rs7101236	0.414982587099075	0.0718000307679176	5.77969929345074	7.48342598862236e-09
rs11239674	0.562090158462524	0.0767947286367416	7.31938465622233	2.49110591267037e-13
rs12258461	-0.539131224155426	0.0802125334739685	-6.72128407875798	1.80130014995656e-11
rs3964884	0.72241073846817	0.109230279922485	6.61364906306957	3.74960055746477e-11
rs1904672	-0.898168504238129	0.0899471417069435	-9.98551468332867	1.76383307923415e-23
rs4543892	0.690902054309845	0.080141082406044	8.62107215883747	6.63300929172497e-18
rs1454478	0.599341452121735	0.0795129537582397	7.53765800153823	4.78486726240437e-14
rs16906936	0.465915679931641	0.0684979483485222	6.80189248240006	1.0325365062756e-11
rs16908494	-0.633658230304718	0.0948095992207527	-6.68348179417278	2.33330858776398e-11
rs12770685	-0.32190814614296	0.0540063939988613	-5.96055619173069	2.51380841286159e-09
rs12772250	0.580480635166168	0.114370808005333	5.07542654712294	3.86627692802082e-07
rs1914181	-0.277670979499817	0.0510142035782337	-5.44301312229622	5.23867861534918e-08
rs9415871	0.486009806394577	0.0901866406202316	5.38893347232129	7.08770346764239e-08
rs16930097	-1.07381629943848	0.20550100505352	-5.22535789622449	1.73818570306484e-07
rs10762629	-0.219462513923645	0.0438912138342857	-5.00014683467723	5.72866700032096e-07
rs17291576	0.675212740898132	0.0720510631799698	9.37130850118866	7.16388112862301e-21
rs2137949	0.502755880355835	0.0565797425806522	8.88579299630387	6.34664317990247e-19
rs7067703	-0.644965767860413	0.0829441994428635	-7.7758996071172	7.4913101739825e-15
rs7076025	0.781596601009369	0.120508722960949	6.48580934064538	8.82567168513113e-11
rs13376921	-0.695286571979523	0.0939069390296936	-7.4039956915183	1.3214671330871e-13
rs9420627	-0.836600840091705	0.0894623324275017	-9.35143112627505	8.64696839576041e-21
rs17109605	0.755817711353302	0.0821680352091789	9.19843962958567	3.63185116778709e-20
rs7071434	0.481289803981781	0.0715789049863815	6.72390565451302	1.76917009044854e-11
rs17118185	-0.671501815319061	0.126522868871689	-5.30735527345695	1.11227255510678e-07
rs11192297	-0.499834388494492	0.0936257615685463	-5.33864163154014	9.364553732296e-08
rs12268027	-0.679875075817108	0.123792313039303	-5.49206214121917	3.97267551018251e-08
rs17121704	0.282266557216644	0.0474102236330509	5.95370651278406	2.62136710924708e-09
rs878709	0.662673830986023	0.102261155843735	6.48021064810428	9.15946502496641e-11
rs17095224	0.664321184158325	0.0589058734476566	11.2776730956827	1.69161304823313e-29
rs7091743	0.497578710317612	0.100669786334038	4.94268169663705	7.70552345617792e-07
rs12781823	0.235990166664124	0.0454718507826328	5.18980781741693	2.10511236137759e-07
rs7084245	-0.386050254106522	0.0696476772427559	-5.54290206636683	2.97499269840718e-08
rs12573694	-0.464533358812332	0.084250308573246	-5.513728871491	3.51309666603575e-08
rs471698	-0.556822597980499	0.103851959109306	-5.36169565558637	8.24443594574103e-08
rs16926364	-0.820275366306305	0.140780225396156	-5.82663768294196	5.65552109277126e-09
rs392884	0.373904407024384	0.0723640471696854	5.16699136724099	2.37892246249037e-07
rs2015970	0.758281767368317	0.0807366669178009	9.39203705474161	5.88508675104587e-21
rs7129516	0.636543929576874	0.0851041004061699	7.47959177688136	7.45538315441276e-14
rs11023726	-0.609338700771332	0.0687301680445671	-8.86566580742557	7.60482538828686e-19
rs1440716	0.296873420476913	0.0485721305012703	6.11201150563385	9.83830887827977e-10
rs16932458	0.413163006305695	0.0689123868942261	5.99548245136046	2.02882204858974e-09
rs2214285	0.604211091995239	0.11120866984129	5.43312938512376	5.53742258111431e-08
rs11026306	0.671485543251038	0.0845276638865471	7.94397375221803	1.95805044427637e-15
rs11026468	-0.765645325183868	0.120512172579765	-6.35326132451143	2.10797154174897e-10
rs10767270	0.867262125015259	0.154571622610092	5.61074607596592	2.0145618312966e-08
rs12270050	0.577578842639923	0.0994314104318619	5.80881675248612	6.29159052408381e-09
rs7116837	0.358850240707397	0.0558355189859867	6.42691690207911	1.30217957673889e-10
rs7121768	0.308928608894348	0.0485912151634693	6.35770494430029	2.04790347513733e-10
rs17243943	0.407332479953766	0.0580240488052368	7.02006303146849	2.21768176872921e-12
rs2945082	0.826567709445953	0.122864596545696	6.72746855224918	1.72640129555184e-11
rs12293741	0.695966899394989	0.117370128631592	5.92967654981047	3.0353199483082e-09
rs10836086	1.03376007080078	0.204601645469666	5.05255013188075	4.3594988038908e-07
rs11032434	-0.865631103515625	0.111006386578083	-7.7980297368452	6.28811941051682e-15
rs1551291	0.600991249084473	0.109999567270279	5.46357830306534	4.66631293809246e-08
rs16926697	-0.706229865550995	0.128667652606964	-5.48879109272544	4.04693909640045e-08
rs919039	-0.589088797569275	0.0932830199599266	-6.31506996474108	2.70039279453099e-10
rs587876	-0.736037194728851	0.129334419965744	-5.69096142329165	1.26326048443973e-08
rs16934297	-0.339532852172852	0.0638070106506348	-5.32124681458454	1.03058467559968e-07
rs16935697	0.265194237232208	0.0523142330348492	5.06925595287899	3.99373861141563e-07
rs10837787	0.498998910188675	0.0938654616475105	5.31610777202106	1.06010376173041e-07
rs7111653	-0.295504808425903	0.0507521964609623	-5.82250284779694	5.7972811670373e-09
rs11037495	0.398285031318665	0.0785591304302216	5.06987576284889	3.98075466956069e-07
rs7944767	-0.481340020895004	0.0557794347405434	-8.62934562054895	6.17039740200932e-18
rs2135689	-0.688099503517151	0.0757868438959122	-9.07940571403404	1.0916928043789e-19
rs10901970	0.224305629730225	0.0453642196953297	4.94454949818783	7.63201487015976e-07
rs8189141	-0.270853221416473	0.0484868474304676	-5.58611738585168	2.32202313129109e-08
rs12288280	-0.255309462547302	0.0455589331686497	-5.60393856463231	2.09535002474753e-08
rs3972399	-0.786825299263	0.150653302669525	-5.22275506292079	1.76280496772406e-07
rs4075062	-0.772353649139404	0.0920182466506958	-8.3934836540766	4.71945301579894e-17
rs3020097	-0.563079059123993	0.104337587952614	-5.39670381665063	6.78762978557584e-08
rs1783589	-0.380471736192703	0.0757493898272514	-5.02276964950318	5.09316164564158e-07
rs642302	-0.510808169841766	0.0555332265794277	-9.19824402983628	3.6384670928422e-20
rs11236143	-0.437642246484756	0.0762960985302925	-5.73610256507409	9.68800067073714e-09
rs7944023	0.727549374103546	0.140744686126709	5.16928485277626	2.3499148904941e-07
rs11231953	-0.577418386936188	0.101794995367527	-5.67236517720189	1.40839353172739e-08
rs12277447	0.304936140775681	0.056865394115448	5.36242024730542	8.21142265162986e-08
rs6592024	-0.430189967155457	0.0846100226044655	-5.08438544174024	3.68818290204692e-07
rs7945520	0.829860508441925	0.113332577049732	7.32234746658739	2.43670219916932e-13
rs17147636	0.345342308282852	0.0583953596651554	5.91386559245594	3.34170608694565e-09
rs12290218	-0.702755331993103	0.133473783731461	-5.26511882967964	1.40098709365817e-07
rs592613	-0.318953901529312	0.0642502456903458	-4.96424407568044	6.89691645816245e-07
rs11826838	-0.486179262399673	0.0624337792396545	-7.78711890134754	6.85544330851059e-15
rs12277739	-0.736251175403595	0.112688764929771	-6.5334922772686	6.42535085257116e-11
rs10765397	-0.680726289749146	0.118273638188839	-5.7555199972988	8.63754958492564e-09
rs1534083	0.466978520154953	0.058928195387125	7.92453454729383	2.29002479980399e-15
rs7928274	-0.618155539035797	0.111781045794487	-5.53005685930239	3.20127007383107e-08
rs10741472	-0.61177533864975	0.0705001428723335	-8.67764679225679	4.04041548701809e-18
rs12281912	0.727874636650085	0.135924354195595	5.35499793953535	8.55573921115302e-08
rs1789645	-0.795002400875092	0.139492437243462	-5.69925091700521	1.20335002282856e-08
rs11821980	-0.669355750083923	0.0866681858897209	-7.72320019407849	1.13444785266318e-14
rs1789818	0.641087174415588	0.0860074609518051	7.45385536697596	9.0651373599959e-14
rs2023	0.345081746578217	0.0616022124886513	5.60177520639847	2.12167595594026e-08
rs949371	-0.609712958335876	0.113935872912407	-5.35136952700243	8.72910638806714e-08
rs11216478	0.764771819114685	0.0913269594311714	8.37399847622274	5.56954793199881e-17
rs636677	-0.466617554426193	0.069870188832283	-6.6783496971257	2.41647880455139e-11
rs3107619	0.426949620246887	0.0683347284793854	6.24791566085882	4.159661663248e-10
rs17136822	0.706476211547852	0.124668680131435	5.66682995924102	1.45463568549735e-08
rs11571396	-0.81612229347229	0.161934331059456	-5.03983490179511	4.6593361447788e-07
rs7308757	0.427210748195648	0.0614602714776993	6.9510065270483	3.62689088344446e-12
rs16930527	0.479034870862961	0.0731641724705696	6.54739682944755	5.85486407398091e-11
rs4764021	-0.739064693450928	0.110755667090416	-6.67292891520926	2.50747866794388e-11
rs12424392	0.747957110404968	0.0643704757094383	11.6195678556295	3.27790059923105e-31
rs7316738	-0.490871667861938	0.0585996508598328	-8.37669953078861	5.44325765294852e-17
rs12313434	-0.604047358036041	0.119934342801571	-5.03648366202686	4.74161561210374e-07
rs11048013	-0.448147624731064	0.0794811993837357	-5.638410444304	1.7162703816229e-08
rs12317472	0.668277084827423	0.0872450396418571	7.65977169098342	1.86263908537391e-14
rs10843487	-0.26498955488205	0.0502626225352287	-5.27209965409825	1.34871806655767e-07
rs794174	0.589365363121033	0.0702814310789108	8.38579058612656	5.03859639915557e-17
rs12310904	-0.825754344463348	0.147997617721558	-5.57951105683956	2.41195614184237e-08
rs17128426	0.694839239120483	0.110802866518497	6.27095003002011	3.58851779881573e-10
rs11180886	-1.00920081138611	0.149538576602936	-6.74876566510193	1.49108181493941e-11
rs4474500	0.404323875904083	0.0632748529314995	6.38996152771463	1.65927495887663e-10
rs17095722	0.439680635929108	0.0765363499522209	5.74472961153212	9.20679857433718e-09
rs12320513	-0.34614023566246	0.0602356716990471	-5.74643273493928	9.11458653433663e-09
rs10431533	-0.409010410308838	0.0678487345576286	-6.02826880966273	1.65725246681368e-09
rs12299629	-0.627098500728607	0.113939464092255	-5.50378664429082	3.71719365115791e-08
rs12314673	0.805628001689911	0.158025816082954	5.09807841313096	3.43118693989472e-07
rs17100009	0.92358261346817	0.16849359869957	5.48141069213526	4.21947708259769e-08
rs11176320	-0.626924395561218	0.118124552071095	-5.30731659565485	1.11250851522147e-07
rs11176722	-0.778330087661743	0.112096391618252	-6.94340001873006	3.82773544516885e-12
rs11178610	-0.349802732467651	0.0493180602788925	-7.09279177829632	1.31433139559318e-12
rs10879476	0.576981544494629	0.0797557011246681	7.23436113479505	4.67725643155886e-13
rs1433252	-0.476321786642075	0.0868258848786354	-5.48594220845401	4.11271346916533e-08
rs12297426	0.33453232049942	0.058272909373045	5.7407863121755	9.42379447716969e-09
rs1919582	-0.445494890213013	0.0875871032476425	-5.08630692983906	3.65103025039614e-07
rs11115141	-0.812787234783173	0.0591908656060696	-13.731632853496	6.56373777176331e-43
rs17010877	-0.530314564704895	0.0778118744492531	-6.81534236848069	9.40395365868942e-12
rs11116364	0.755465984344482	0.132459059357643	5.70339233879582	1.17446229361781e-08
rs12227366	-0.53421151638031	0.0568320415914059	-9.39982976893607	5.46514193168947e-21
rs11109315	0.805327355861664	0.153894573450089	5.23298085050963	1.66798025533881e-07
rs17032487	-0.794829547405243	0.125606447458267	-6.32793589412937	2.48462316137306e-10
rs5742614	-0.347700655460358	0.0638574212789536	-5.44495296703994	5.18190758725232e-08
rs11111657	0.403689652681351	0.0621741972863674	6.49288081391709	8.42103102944904e-11
rs11111949	-0.685326159000397	0.0857341215014458	-7.99362199085273	1.31031101841003e-15
rs12298231	0.425189971923828	0.0769397914409637	5.52626883905812	3.27112763587179e-08
rs12309588	-0.453067481517792	0.0878252759575844	-5.15873678252492	2.48621543735875e-07
rs11836913	0.738592147827148	0.132552340626717	5.57207925816346	2.51716849604416e-08
rs17039931	0.565413117408752	0.0743041858077049	7.6094383009863	2.75289689467332e-14
rs9888440	-0.859990894794464	0.0888947546482086	-9.67425916408437	3.87890734446255e-22
rs1029485	0.34234294295311	0.0646605268120766	5.29446572478545	1.19364873746729e-07
rs16944153	-0.493590444326401	0.0983583927154541	-5.01828497497243	5.21348025002294e-07
rs16944937	0.538187563419342	0.078190915286541	6.88299352229197	5.86076935658344e-12
rs7299939	0.62686288356781	0.11182814091444	5.60559156614635	2.07544862895588e-08
rs16947962	0.556112468242645	0.0570194274187088	9.75303494647471	1.79034251625187e-22
rs7137923	0.584623456001282	0.0761120393872261	7.68109041234545	1.57740098257786e-14
rs12307807	-0.507590472698212	0.0500505901873112	-10.1415481975055	3.61327010086381e-24
rs1195745	0.441562682390213	0.0863847881555557	5.11157915436544	3.19476910211994e-07
rs12307807	-0.507590472698212	0.0500505901873112	-10.1415481975055	3.61327010086381e-24
rs1195745	0.441562682390213	0.0863847881555557	5.11157915436544	3.19476910211994e-07
rs11839873	-0.432161003351212	0.0579652786254883	-7.45551498412333	8.95174799309849e-14
rs7982745	-0.632019281387329	0.0789652988314629	-8.00375976207295	1.20676718605384e-15
rs17086569	0.650965988636017	0.064459890127182	10.0987759574463	5.59359885471953e-24
rs17561390	0.573324918746948	0.11125585436821	5.15321123551381	2.56063248890985e-07
rs2321170	-0.391965717077255	0.0784644261002541	-4.99545764314187	5.86964062925244e-07
rs1329666	-0.566868901252747	0.104535490274429	-5.42274111657763	5.86919656655554e-08
rs4638440	0.580875813961029	0.096639946103096	6.01072162583108	1.846993204554e-09
rs2008441	-0.265456229448318	0.0440571084618568	-6.02527580034312	1.68821490513709e-09
rs1538142	0.375706195831299	0.0655665472149849	5.73015069101326	1.00341454742205e-08
rs595563	0.224199846386909	0.0426664799451828	5.25470689578698	1.48260394276053e-07
rs9562483	0.523350417613983	0.0631622225046158	8.28581384348433	1.17304142467549e-16
rs17052738	-0.708202660083771	0.110320203006268	-6.41951918855274	1.36705425058342e-10
rs17052985	-0.613998353481293	0.0808588713407516	-7.59345688729453	3.11481855351881e-14
rs17056966	0.778681874275208	0.0938259288668633	8.29921838962168	1.04798568362226e-16
rs9592151	0.736116886138916	0.127427831292152	5.7767355739676	7.61638395602917e-09
rs1513111	0.586398243904114	0.0888812616467476	6.59754635611174	4.18018010327361e-11
rs9592432	-0.184625923633575	0.0349430292844772	-5.28362673225906	1.26651176792775e-07
rs7992861	0.183636769652367	0.0347690619528294	5.28161415172787	1.2805065873123e-07
rs957460	0.185910791158676	0.0355092249810696	5.23556318837675	1.64482538859716e-07
rs12184803	-0.1809161901474	0.0352664701640606	-5.12997726468719	2.89777175063423e-07
rs9599028	0.183575645089149	0.034926887601614	5.25599781987634	1.47224033667101e-07
rs10467402	0.182953715324402	0.0348977781832218	5.24256055396566	1.58363394658799e-07
rs4883761	-0.189757168292999	0.0352394208312035	-5.38479815550698	7.2525989198287e-08
rs12870205	-0.183285728096962	0.0349384099245071	-5.2459665019958	1.5546514971035e-07
rs7985261	0.182955801486969	0.0348983742296696	5.24253079191939	1.58388949086738e-07
rs2126004	0.183629721403122	0.0354017056524754	5.18703034271124	2.1367392761113e-07
rs2126003	0.183743238449097	0.0358220301568508	5.12933626722317	2.90765543827448e-07
rs9599030	-0.186019316315651	0.0353724732995033	-5.25887219535375	1.44941576945987e-07
rs11617764	-0.18602029979229	0.0353722795844078	-5.25892879898779	1.44896975103122e-07
rs12870340	-0.186020880937576	0.0353718660771847	-5.25900670695917	1.44835607836584e-07
rs1953125	-0.185731828212738	0.0353743135929108	-5.25047158088064	1.51710310365135e-07
rs9592437	-0.186965838074684	0.0349677838385105	-5.34680261517677	8.95215499513473e-08
rs8001212	-0.182300806045532	0.0350426621735096	-5.20225333175006	1.96886589763275e-07
rs9599040	0.181998118758202	0.0350062139332294	5.1990232107175	2.00338510883558e-07
rs1585440	-0.182307168841362	0.0350444801151752	-5.20216502690871	1.96980189163498e-07
rs9592438	-0.182304337620735	0.0350446216762066	-5.2020632239985	1.97088149318152e-07
rs17837241	-0.599159240722656	0.086472861468792	-6.92887029000298	4.24214530731055e-12
rs17081545	0.392967790365219	0.0527564696967602	7.44871278582447	9.42553138847631e-14
rs260161	0.685825884342194	0.126364186406136	5.42737546014772	5.71887441290882e-08
rs12429576	-0.496762007474899	0.0482727326452732	-10.2907372392878	7.75800771245348e-25
rs9529872	-0.632967710494995	0.121380038559437	-5.21475951076622	1.84055863965659e-07
rs4884978	0.351758122444153	0.0491521582007408	7.15651428788841	8.27542588227864e-13
rs804916	-0.425523370504379	0.0701149106025696	-6.06894263784149	1.28755119854394e-09
rs17063835	0.746656000614166	0.111276239156723	6.70993202387587	1.94715099296929e-11
rs6563008	-0.727908372879028	0.0657364502549171	-11.0731317261017	1.69375986726652e-28
rs17069491	0.429683059453964	0.0837774872779846	5.12886066907473	2.91500982509543e-07
rs11838885	0.869699954986572	0.0640702694654465	13.5741579088505	5.69949635326875e-42
rs7319812	0.541906952857971	0.106374695897102	5.09432199347641	3.49991496208024e-07
rs16945959	0.704058408737183	0.0986515879631042	7.13681779760607	9.55163182784162e-13
rs17233815	-0.379775017499924	0.0727063342928886	-5.22341032859732	1.75657548167936e-07
rs1952699	-0.290482997894287	0.053644210100174	-5.41499254722636	6.12912587503512e-08
rs7988271	0.733451783657074	0.132569119334221	5.53259904976787	3.15520159370502e-08
rs7996217	-0.550679624080658	0.0598264746367931	-9.20461430200989	3.42900457344595e-20
rs16962598	-0.644177198410034	0.0936959385871887	-6.87518806175996	6.19081331242782e-12
rs16964165	-0.654892563819885	0.126455843448639	-5.17882405399379	2.23288937229119e-07
rs9587308	0.270864397287369	0.0508602820336819	5.32565661173469	1.00589003921547e-07
rs9559527	-0.686760663986206	0.128257527947426	-5.3545446803537	8.57721251678318e-08
rs9588179	-0.587453544139862	0.0948511138558388	-6.19342799740564	5.88695877998955e-10
rs9588179	-0.587453544139862	0.0948511138558388	-6.19342799740564	5.88695877998955e-10
rs17112209	-0.350805312395096	0.0547648817300797	-6.40566182766749	1.49718485809592e-10
rs714369	0.347986936569214	0.0573200844228268	6.0709424990071	1.27161717248371e-09
rs17099373	0.661709606647491	0.0920745879411697	7.18666921507468	6.63909946371023e-13
rs17100736	-0.528626680374146	0.0841198116540909	-6.28421141202636	3.29522032908035e-10
rs17101488	-0.790127098560333	0.149597510695457	-5.28168613827294	1.2800034468378e-07
rs7140572	0.675247609615326	0.122163407504559	5.5274130233321	3.2498725198095e-08
rs10139918	0.771336913108826	0.102338179945946	7.53713729828143	4.80400465118155e-14
rs17111740	0.34054160118103	0.0644544363021851	5.28344704753062	1.26775519561339e-07
rs11847800	-0.187316998839378	0.0365352183580399	-5.1270255730703	2.94355546823426e-07
rs4598805	0.236532658338547	0.0347628965973854	6.80417000568178	1.01633464748565e-11
rs17092567	0.296037495136261	0.05951227247715	4.97439406720565	6.54520438788617e-07
rs17121051	-0.726356148719788	0.0900638476014137	-8.06490248933565	7.32943444051112e-16
rs17121063	0.497062832117081	0.0818183943629265	6.07519661058406	1.23835899826877e-09
rs10136094	-0.436191082000732	0.0637844651937485	-6.83851594076676	8.00177614627585e-12
rs12100750	0.364749431610107	0.0706560760736465	5.16232222165748	2.43904975240354e-07
rs1950732	0.441959470510483	0.0517645515501499	8.53787886257083	1.36708128724673e-17
rs17125915	0.49285215139389	0.0966700911521912	5.09828992110885	3.42735615052672e-07
rs10148744	-0.718698501586914	0.114538706839085	-6.27472163271942	3.50260372515853e-10
rs1958657	-0.387917339801788	0.0777221694588661	-4.99107709553952	6.00435242669917e-07
rs881155	-0.470020443201065	0.0881173238158226	-5.33402993699029	9.60566760172361e-08
rs11851899	0.849505543708801	0.170782059431076	4.97420833627811	6.55148213910929e-07
rs8020155	0.707077264785767	0.125601932406425	5.62950944494861	1.80722876715977e-08
rs17100089	0.728967428207397	0.0832220315933228	8.75930825348759	1.96452211514835e-18
rs10143920	-0.441554456949234	0.0768646895885468	-5.74456827072164	9.21558091071515e-09
rs7152113	0.791259407997131	0.0759654492139816	10.4160432957921	2.09487937616866e-25
rs8003342	0.511764168739319	0.091863326728344	5.57093006497245	2.53383030265013e-08
rs4902509	-0.567095696926117	0.0957846939563751	-5.92052522696788	3.20915061890197e-09
rs7154491	-0.432342916727066	0.0843023210763931	-5.12848176902846	2.92088177860674e-07
rs17108178	0.572421491146088	0.0882412046194077	6.48700902956837	8.75570932622892e-11
rs7156708	-0.592123925685883	0.0791943371295929	-7.47684679419612	7.61270758636076e-14
rs8015420	-0.367606848478317	0.0573410131037235	-6.41088862195994	1.44673864659184e-10
rs17117347	-0.789625823497772	0.128458917140961	-6.14691327836196	7.90052951913858e-10
rs10137620	-0.419080376625061	0.076216034591198	-5.49858542067813	3.82850067930936e-08
rs10144578	0.578348875045776	0.101133495569229	5.71866790315656	1.07362394887327e-08
rs229769	-0.658455371856689	0.104690715670586	-6.28952976048562	3.18429060209959e-10
rs229780	0.831440389156342	0.149489194154739	5.56187618682126	2.66889624402633e-08
rs1958798	0.674827337265015	0.102032698690891	6.61383405440849	3.74491535206536e-11
rs8003163	-0.548491537570953	0.0926240012049675	-5.92169988810133	3.18630705998992e-09
rs1450701	-0.62726104259491	0.122151389718056	-5.13511179891382	2.81976350104833e-07
rs1950899	0.594286382198334	0.0841126143932343	7.06536571815483	1.60193530022824e-12
rs12432654	-0.881879091262817	0.131497085094452	-6.70645353567632	1.99411302480139e-11
rs7182214	-0.351759970188141	0.0666418671607971	-5.27836306475921	1.30343015816708e-07
rs1865872	-0.651809096336365	0.082819439470768	-7.87024278963429	3.5395366357678e-15
rs16973742	-0.907397747039795	0.152812466025352	-5.9379824869082	2.88550857131867e-09
rs17583428	-0.393452674150467	0.073017880320549	-5.38844283651082	7.10707600577695e-08
rs2467857	-0.779338598251343	0.0942424982786179	-8.26950274543138	1.34518877881978e-16
rs16960733	-0.526975691318512	0.0653413906693459	-8.06495983511009	7.32599483530198e-16
rs12443497	-0.586911082267761	0.0794381499290466	-7.38827733012393	1.4874325659379e-13
rs8029012	-0.245204657316208	0.0444045253098011	-5.52206460052137	3.35039253109049e-08
rs7162128	0.533245742321014	0.0881510600447655	6.04922665762859	1.45542775568796e-09
rs16976893	-0.599718034267426	0.0980231910943985	-6.11812396201103	9.46834023406729e-10
rs4539540	-0.781550228595734	0.123731300234795	-6.31651188593871	2.67532881268374e-10
rs8024552	0.339768439531326	0.0644387379288673	5.27273578676215	1.34404991913976e-07
rs16944662	-0.641508758068085	0.0754919722676277	-8.49770828339022	1.93370326022913e-17
rs7178791	-0.78183501958847	0.139560669660568	-5.60211570702554	2.11751121207705e-08
rs2955772	-0.744943976402283	0.0931980013847351	-7.99313252788592	1.31552581034259e-15
rs9920411	0.417740881443024	0.0776511579751968	5.3797121940726	7.46050121539448e-08
rs16971120	-1.20326495170593	0.205488175153732	-5.85564084554126	4.75174116562352e-09
rs16972374	-0.318762362003326	0.0585830882191658	-5.4412010649012	5.29225408885156e-08
rs8031649	-0.681941211223602	0.089617908000946	-7.6094301511301	2.75307047762825e-14
rs8036854	0.89186418056488	0.149438306689262	5.96810951839409	2.4001825040169e-09
rs8037784	0.929001152515411	0.13054358959198	7.11640575702757	1.10777860675821e-12
rs12911953	0.201205357909203	0.0393788926303387	5.10947221898739	3.23059987175656e-07
rs17635998	-0.431445479393005	0.0863538756966591	-4.99624916556811	5.8456123307838e-07
rs16945324	0.891123235225677	0.159943178296089	5.5714988580258	2.52557020925124e-08
rs8032040	-0.334839671850204	0.0610622726380825	-5.4835769679718	4.16810806277619e-08
rs8041076	0.767052114009857	0.13833549618721	5.54486834652909	2.94175428938435e-08
rs8024394	0.345173448324203	0.067643903195858	5.10280205630326	3.3466099180261e-07
rs12440209	-0.413462907075882	0.0665038079023361	-6.21713132100753	5.06326003375711e-10
rs2573591	0.458650648593903	0.0817081928253174	5.6132761322288	1.98531401982956e-08
rs2573593	0.741122364997864	0.144904837012291	5.11454538218763	3.14497474392452e-07
rs8024394	0.345173448324203	0.067643903195858	5.10280205630326	3.3466099180261e-07
rs12440209	-0.413462907075882	0.0665038079023361	-6.21713132100753	5.06326003375711e-10
rs2573591	0.458650648593903	0.0817081928253174	5.6132761322288	1.98531401982956e-08
rs2573593	0.741122364997864	0.144904837012291	5.11454538218763	3.14497474392452e-07
rs7191272	-0.601355671882629	0.0750877112150192	-8.00870957646588	1.15918289212715e-15
rs4786115	-0.675970435142517	0.0902907699346542	-7.48659509307247	7.06833371397133e-14
rs12599624	-0.642904281616211	0.0818204581737518	-7.8575003851843	3.91874802558673e-15
rs9925479	-0.654615223407745	0.130350410938263	-5.02196516831685	5.11454601086834e-07
rs8057949	-0.414876878261566	0.0654943585395813	-6.33454373037086	2.38044649665792e-10
rs3136205	-0.769186794757843	0.0867081806063652	-8.87098298429038	7.25030332389398e-19
rs3380	-0.324282348155975	0.0568383634090424	-5.70534281260437	1.16109164379117e-08
rs9806880	-1.13630878925323	0.205490723252296	-5.52973278437538	3.20718950653171e-08
rs729516	-0.460577756166458	0.0573488436639309	-8.03116029445132	9.65551005705752e-16
rs166272	0.653948664665222	0.105480723083019	6.19969834820462	5.65714816280112e-10
rs16961546	0.603293895721436	0.095262199640274	6.33298305098533	2.40465987810316e-10
rs1423881	-0.416161954402924	0.0570122934877872	-7.299512595333	2.88812029627329e-13
rs8057144	0.372939556837082	0.0724623128771782	5.1466692412814	2.65152245647999e-07
rs8047657	0.440847039222717	0.0665228664875031	6.62700004524811	3.42577528442605e-11
rs12447587	-0.697601974010468	0.0845896899700165	-8.24689124948606	1.62568236198095e-16
rs12598102	0.305191308259964	0.0582794211804867	5.23669079201749	1.63481235626111e-07
rs16973284	-0.771790564060211	0.0922623947262764	-8.36516943170568	6.00286014328269e-17
rs13339024	-0.742567956447601	0.0662030503153801	-11.2165217903123	3.38316467657606e-29
rs8051738	0.405216097831726	0.0799789056181908	5.06653716626452	4.05117682447298e-07
rs284003	0.28171581029892	0.0506303645670414	5.56416712990266	2.63407406495856e-08
rs285016	0.470020651817322	0.0868860632181168	5.40962076550059	6.31583489901609e-08
rs17721530	0.570185482501984	0.107846423983574	5.28701334212833	1.24329574684012e-07
rs1073923	0.319604188203812	0.0468092635273933	6.82779783571634	8.62279801920204e-12
rs9319533	-0.706190168857574	0.0913384258747101	-7.73157805266168	1.06221516654964e-14
rs7204861	0.614985227584839	0.0765868052840233	8.02991096578787	9.75434283880068e-16
rs12925978	-0.295763909816742	0.0506701730191708	-5.83704163995732	5.31358199088734e-09
rs9927071	-0.647537410259247	0.0556810051202774	-11.6294130980662	2.92098937160606e-31
rs8073301	0.670869946479797	0.0881154164671898	7.61353657937483	2.66695802310888e-14
rs2191073	-0.485031008720398	0.0630946531891823	-7.68735517518555	1.50207722182227e-14
rs16972641	-0.76338267326355	0.0974730178713799	-7.83173323176336	4.81189691520429e-15
rs2239999	-0.509526431560516	0.0592058002948761	-8.6060221975348	7.56396239849416e-18
rs2071600	-0.720917165279388	0.0614204630255699	-11.7374101360855	8.19579053553435e-32
rs9912333	0.730404436588287	0.143438413739204	5.0921117819686	3.54097225411498e-07
rs35773539	-0.535800218582153	0.0897931456565857	-5.96705032064834	2.41580923281018e-09
rs203089	0.721888244152069	0.11252798885107	6.41518835911555	1.40648852432587e-10
rs7211447	0.513449907302856	0.0883971676230431	5.80844297514586	6.30564989611284e-09
rs16954302	-0.451917588710785	0.0513327307999134	-8.80369272525722	1.32386534082091e-18
rs4988342	-0.249390378594398	0.047671377658844	-5.23144894991578	1.68186484654677e-07
rs16967340	0.287165939807892	0.0550601482391357	5.21549521735178	1.83326790529233e-07
rs9903454	0.365782916545868	0.0689865723252296	5.30223352482893	1.14394376504753e-07
rs3922321	-0.731175363063812	0.112098395824432	-6.52262111055519	6.90892348007729e-11
rs9906208	-0.356297850608826	0.0609643720090389	-5.84436186033376	5.08513815533849e-09
rs16977740	-0.507789492607117	0.0950700491666794	-5.34121415796101	9.23261067083056e-08
rs9890699	0.587124407291412	0.083186112344265	7.05796184898752	1.68962429492555e-12
rs16942215	-0.690002977848053	0.0953793823719025	-7.23429907689692	4.67939548055395e-13
rs7229858	-0.497518599033356	0.0618817694485188	-8.0398250319467	8.99668406996001e-16
rs628274	0.661840558052063	0.0875859335064888	7.55647090297931	4.14152494025712e-14
rs7234120	-1.22967648506165	0.210287824273109	-5.84758765426486	4.98753034278631e-09
rs7242524	-0.808353245258331	0.139039918780327	-5.81382132807104	6.10625889676268e-09
rs9949299	0.367007672786713	0.0731996297836304	5.01379137943109	5.33678492170597e-07
rs16951226	0.701311409473419	0.130364790558815	5.37960753411418	7.46483950687279e-08
rs9953608	0.512807428836823	0.103721521794796	4.94407929967869	7.65045596819948e-07
rs7244913	-0.463090360164642	0.0639894306659698	-7.23698203508033	4.58778889931471e-13
rs867514	0.664564192295074	0.0545002333819866	12.1937861740373	3.354654260296e-34
rs9960403	0.562369525432587	0.0694690272212029	8.09525551065935	5.71442771222729e-16
rs1007922	0.56315004825592	0.069831095635891	8.06445958104771	7.35605378009604e-16
rs16940554	1.09286844730377	0.180051863193512	6.06974250596453	1.2811549772001e-09
rs16941231	-0.572290658950806	0.10282988101244	-5.56541205062342	2.6153366638762e-08
rs9964963	-0.724320709705353	0.0954675301909447	-7.58708964458008	3.27170746334469e-14
rs7240059	-0.606728494167328	0.121402703225613	-4.99765226017902	5.8032513241339e-07
rs3922835	0.214214891195297	0.0381597094237804	5.61364052373529	1.98113571367587e-08
rs16944962	0.700980842113495	0.140955358743668	4.97306983119565	6.59009088326517e-07
rs9949079	-0.639067411422729	0.104027763009071	-6.14323900598539	8.08554786370114e-10
rs4575606	0.555687963962555	0.0509675852954388	10.9027720411209	1.11798445327453e-27
rs16973122	-0.716732084751129	0.0954829901456833	-7.50638499755374	6.07824858110336e-14
rs11082218	0.404508322477341	0.0686752498149872	5.89016164581995	3.85818043157991e-09
rs16975303	-0.813734292984009	0.0585564598441124	-13.8965759738603	6.6444736644743e-44
rs1442650	0.308816581964493	0.0529592409729958	5.83121238693659	5.50260922864935e-09
rs16976110	-0.712539196014404	0.110451981425285	-6.45112189767641	1.11025150005152e-10
rs16976124	-0.429747641086578	0.0776887983083725	-5.53165514777005	3.17223101372539e-08
rs6507506	0.724883556365967	0.140856429934502	5.14625819142965	2.65733616872711e-07
rs7237546	-0.544481515884399	0.0960568487644196	-5.6683258183885	1.44199559621305e-08
rs16978226	0.810564041137695	0.138186827301979	5.86571134863943	4.47211211605146e-09
rs2337145	0.549765348434448	0.0618804059922695	8.88432032109046	6.43127388654748e-19
rs4940107	0.456286400556564	0.0735297873616219	6.20546334932988	5.45359805101544e-10
rs16954543	0.40993469953537	0.0528498999774456	7.75658420754467	8.72473860356123e-15
rs6508174	0.890152871608734	0.175744086503983	5.06505162885557	4.08289680317056e-07
rs8085221	0.753337502479553	0.1450025588274	5.19533936898499	2.04346715401056e-07
rs17090144	0.239521965384483	0.0473518595099449	5.05834338637067	4.22914375225171e-07
rs17067517	-0.345713168382645	0.060271579772234	-5.73592345993076	9.69824546433089e-09
rs9948159	0.647841453552246	0.122812017798424	5.27506562603322	1.32708588752472e-07
rs12185405	0.402782499790192	0.0799564197659492	5.03752545410649	4.71588863008486e-07
rs17074208	0.343909502029419	0.0482107885181904	7.133455241033	9.78801482631334e-13
rs17080425	-1.09004402160645	0.176006183028221	-6.19321436810928	5.89494672064149e-10
rs4891763	1.03876948356628	0.204795718193054	5.07222266525644	3.93195926014806e-07
rs8083013	0.73840594291687	0.109028100967407	6.77262041955229	1.26470458337197e-11
rs17088167	-0.494779139757156	0.0702223107218742	-7.04589659142379	1.84271069891771e-12
rs12964109	0.37667453289032	0.0609729364514351	6.17773318479324	6.50284892217457e-10
rs12964109	0.37667453289032	0.0609729364514351	6.17773318479324	6.50284892217457e-10
rs424116	-0.314823359251022	0.05428297072649	-5.79967078141854	6.64452380174513e-09
rs412923	0.303442984819412	0.0538970939815044	5.63004352189272	1.80164154200652e-08
rs17304401	0.418895453214645	0.0542922876775265	7.71556092280931	1.20451307259183e-14
rs17721902	0.609466731548309	0.0534020587801933	11.4127946650319	3.60943037667386e-30
rs10409326	-0.609242737293243	0.111997611820698	-5.43978328992057	5.33454207151975e-08
rs4465704	0.253426402807236	0.0424363501369953	5.97191798986273	2.34480401537585e-09
rs7259205	-0.619318962097168	0.117661848664284	-5.26354947782799	1.41300457897768e-07
rs11881585	0.862576901912689	0.135829925537109	6.35041872033591	2.14729642909906e-10
rs12150959	0.385593920946121	0.0650630295276642	5.92646736165536	3.09520869223738e-09
rs4287688	-0.479810506105423	0.0524859242141247	-9.14169871807838	6.14789099066498e-20
rs10404260	-0.226006299257278	0.0452650710940361	-4.99295138160195	5.94635303394479e-07
rs16841063	-0.455965131521225	0.056816790252924	-8.02518286392919	1.01374820182301e-15
rs11120849	-0.495012253522873	0.0967189446091652	-5.11804854284943	3.08713156859314e-07
rs11809418	-0.858524203300476	0.151081070303917	-5.6825398547512	1.3270897429929e-08
rs935098	-0.654744744300842	0.052914060652256	-12.3737384020428	3.62546155925933e-35
rs728567	-0.360375732183456	0.0727934017777443	-4.95066480453502	7.39603948809978e-07
rs16837151	0.475957870483398	0.0862120911478996	5.52077863030694	3.37500754454007e-08
rs12088653	-0.830833852291107	0.112617135047913	-7.37750833332448	1.61279279833181e-13
rs16865746	0.424280077219009	0.0578378662467003	7.33567997493709	2.20598574590257e-13
rs769968	-0.604843139648438	0.0824715569615364	-7.33396048204266	2.23449010103492e-13
rs10493250	-0.579670011997223	0.068843275308609	-8.42013993957568	3.76034873401915e-17
rs11803507	-0.352254301309586	0.0705629512667656	-4.99205737551816	5.97395018131946e-07
rs12568197	-0.73896312713623	0.146040081977844	-5.06000213864807	4.19251775567782e-07
rs4915751	-0.496593415737152	0.0840716361999512	-5.90678899785039	3.4884008111632e-09
rs7536775	0.681157529354095	0.0822931826114655	8.27720483931305	1.26100202564597e-16
rs1556202	0.644119322299957	0.10410287976265	6.18733433473234	6.1190097750225e-10
rs7521739	0.744101166725159	0.106061659753323	7.01574130044524	2.28732934697852e-12
rs17128694	0.417931437492371	0.0702953711152077	5.94536213212986	2.7584633661128e-09
rs1251526	0.861192405223846	0.161951214075089	5.31760388547969	1.05142655555477e-07
rs17099716	0.751486480236053	0.105685494840145	7.11059243629144	1.15545883792155e-12
rs3766343	-0.753971099853516	0.128444671630859	-5.87000683080398	4.35777184356102e-09
rs976457	-0.686432957649231	0.112725928425789	-6.08939724192319	1.13336582025112e-09
rs6686846	-0.608133554458618	0.0836003348231316	-7.27429568009759	3.48232499692991e-13
rs12068251	-0.661286890506744	0.114141404628754	-5.79357589524665	6.89033259431496e-09
rs2703995	-0.249944895505905	0.0482074171304703	-5.18478089853777	2.16268960688777e-07
rs1765634	0.911201238632202	0.178474441170692	5.10549988365412	3.29921191499094e-07
rs712908	-0.459665983915329	0.0749505609273911	-6.13292253223607	8.6279167978263e-10
rs11164738	0.843067765235901	0.156267181038857	5.39504046615051	6.85081109314261e-08
rs11164749	-0.703470587730408	0.12103495746851	-5.8121273592667	6.16838816744792e-09
rs7546824	-0.538169503211975	0.0645643547177315	-8.33539660645251	7.72388465284616e-17
rs11204853	-0.411751568317413	0.0832219272851944	-4.94763317492487	7.51213064689093e-07
rs1858481	-0.404095739126205	0.0737064853310585	-5.48249909504133	4.19359146535677e-08
rs16834743	-0.827965676784515	0.129621997475624	-6.38753986907367	1.68575666759177e-10
rs7524742	-0.76554661989212	0.151097759604454	-5.06656499670266	4.05058484930542e-07
rs12088665	-0.506469964981079	0.0738228261470795	-6.86061468267312	6.8564873821046e-12
rs16844123	-0.559296786785126	0.0930765047669411	-6.00900074820791	1.86670264005954e-09
rs12095440	0.419315606355667	0.0708663687109947	5.91699016025089	3.27886300856634e-09
rs16860867	0.790373146533966	0.151072204113007	5.23175756370603	1.67905872462514e-07
rs6698984	-0.704848945140839	0.115987591445446	-6.07693406128155	1.22502105379219e-09
rs1556500	0.441696912050247	0.0758219882845879	5.8254461804984	5.69602138567476e-09
rs12062308	-0.390644520521164	0.063819408416748	-6.12109278685585	9.29357634905322e-10
rs10911809	-0.776135504245758	0.152530029416084	-5.08841116216238	3.61075856743885e-07
rs6687265	0.360211402177811	0.0712408125400543	5.05625061442535	4.27579369895916e-07
rs1445661	-0.287227302789688	0.0497829020023346	-5.76959741672388	7.94611327844406e-09
rs1891586	-0.237202405929565	0.0434128232300282	-5.46387883305167	4.65841567049971e-08
rs10494647	-0.399542927742004	0.0606114566326141	-6.59187140417635	4.34316722226252e-11
rs494885	-0.430268168449402	0.0630631893873215	-6.82281014692709	8.92766097804814e-12
rs12085460	-0.673974394798279	0.114047333598137	-5.90960238643658	3.42934475143192e-09
rs7542547	0.297122776508331	0.0572764202952385	5.1875235040314	2.13109035437427e-07
rs12090496	0.30233371257782	0.0582668147981167	5.18878050268147	2.1167572442344e-07
rs16839352	0.731233835220337	0.102578960359097	7.12849723433066	1.01470637472744e-12
rs16840355	0.813380181789398	0.146400347352028	5.5558623767031	2.76244465941979e-08
rs13375369	-0.495633453130722	0.0811924785375595	-6.10442570615014	1.03170966232044e-09
rs1927247	0.23076494038105	0.0462503619492054	4.98947317719347	6.05441799407244e-07
rs12037382	0.707964479923248	0.0980214029550552	7.22254995929679	5.10216503718721e-13
rs7516018	0.743067800998688	0.133725270628929	5.55667449767672	2.74962827004826e-08
rs12730607	-0.31895986199379	0.0527195110917091	-6.05012936176396	1.44729570395899e-09
rs12097849	-0.664763391017914	0.103732906281948	-6.40841382782696	1.47041348012867e-10
rs17026031	-0.750359654426575	0.127666264772415	-5.87750926812348	4.16485404503702e-09
rs7513754	0.674742341041565	0.117623560130596	5.73645569214541	9.66783265000207e-09
rs17009107	-0.356157720088959	0.062917597591877	-5.66070119840273	1.5075572206043e-08
rs6426151	0.431410104036331	0.0516593493521214	8.35105570331027	6.76555024758442e-17
rs906907	-0.871198773384094	0.0744102448225021	-11.7080487433182	1.15916591446444e-31
rs16850603	-0.579080998897552	0.080181360244751	-7.22213987303191	5.11757931840465e-13
rs11905813	-0.832542300224304	0.114811584353447	-7.25137889972257	4.12549792044445e-13
rs8118368	0.565515339374542	0.0818429440259933	6.90976291364756	4.85464355834195e-12
rs6051115	0.45815446972847	0.0896671116352081	5.10950404639302	3.2300557366678e-07
rs16989668	-0.723083198070526	0.0971369817852974	-7.44395373194488	9.77157358164284e-14
rs11907163	-0.904635012149811	0.149515599012375	-6.05043900519662	1.44451648089467e-09
rs232647	0.564565062522888	0.084710568189621	6.66463552999825	2.65322961468255e-11
rs16993390	-0.845751762390137	0.16838626563549	-5.02268851440032	5.09531442775599e-07
rs6056196	0.727248966693878	0.0990646257996559	7.34115695510359	2.11755302779104e-13
rs6118432	-1.43656313419342	0.278284937143326	-5.16220226987543	2.44061362180143e-07
rs6039555	-0.293093204498291	0.0515720024704933	-5.68318448883157	1.32209514832641e-08
rs363030	0.431361049413681	0.0785839483141899	5.48917506268631	4.03815246857729e-08
rs149164	-0.419656157493591	0.0841228812932968	-4.9886089378043	6.0815614023362e-07
rs6034206	0.831851065158844	0.166230335831642	5.00420733073259	5.60923607604164e-07
rs996395	-0.405102133750916	0.0715162828564644	-5.66447412492019	1.47476113167036e-08
rs6043515	-0.461147218942642	0.0830159187316895	-5.55492519974496	2.77730665399201e-08
rs11907369	0.817420780658722	0.0952411815524101	8.58264006530521	9.27201282616898e-18
rs2025041	-0.587690591812134	0.083828829228878	-7.01060240514109	2.37294183827248e-12
rs804527	-0.485203176736832	0.0754251182079315	-6.43291238071682	1.25181820346554e-10
rs6098359	0.615590512752533	0.0696182921528816	8.84236733932941	9.37115334559503e-19
rs16989255	0.401131302118301	0.0661807134747505	6.0611510673928	1.35150818534944e-09
rs6102600	-0.706033408641815	0.142378240823746	-4.95885750910375	7.09089506920125e-07
rs6093569	0.372448116540909	0.060683224350214	6.1375795457315	8.37882676856286e-10
rs230159	-0.526511669158936	0.104823477566242	-5.02284107895784	5.09126711244184e-07
rs230164	0.52583909034729	0.104846283793449	5.01533360384248	5.29415254431749e-07
rs8118021	-0.740871608257294	0.13641545176506	-5.43099479326764	5.60407697661054e-08
rs6018192	0.450750946998596	0.0871009826660156	5.17503859545395	2.2786387302866e-07
rs7271889	-0.914294540882111	0.164274781942368	-5.56564148234797	2.6118976128372e-08
rs16978866	-0.869515240192413	0.138441666960716	-6.28073367853296	3.36978964509542e-10
rs6011720	-0.721739232540131	0.106345199048519	-6.78675896041949	1.14680568465981e-11
rs6011720	-0.721739232540131	0.106345199048519	-6.78675896041949	1.14680568465981e-11
rs2178907	0.652782499790192	0.1286261677742	5.07503652706295	3.87421570930149e-07
rs6517070	0.287204533815384	0.0500049293041229	5.74352444473317	9.2725970546574e-09
rs9975033	-0.525038480758667	0.0996773317456245	-5.26738097382622	1.38383827847829e-07
rs7280090	-0.799834847450256	0.13795068860054	-5.79797647669825	6.71198638408512e-09
rs17002141	-0.547926306724548	0.109396383166313	-5.00863274329232	5.48180614547299e-07
rs2032195	-0.589082062244415	0.086267314851284	-6.82856610594559	8.5767547022981e-12
rs9984764	-0.625025629997253	0.0688836202025414	-9.07364665445085	1.15098918606561e-19
rs17002104	0.964568257331848	0.152808427810669	6.31227132659827	2.74969588027625e-10
rs16989975	-0.561502158641815	0.0563452579081059	-9.96538447933941	2.16036346422511e-23
rs10483037	0.40740829706192	0.0736018642783165	5.53529861039056	3.10698551313056e-08
rs11912930	0.525433480739594	0.0523629151284695	10.0344581551747	1.07548252190272e-23
rs6004872	-0.469757169485092	0.0867543593049049	-5.41479613530536	6.13585744157273e-08
rs973896	0.286185711622238	0.0499389730393887	5.73070878723343	1.00011840305062e-08
rs5999930	0.529151797294617	0.0794012099504471	6.66427876382301	2.65968216651777e-11
rs135344	-0.238177940249443	0.0466242991387844	-5.10845084320667	3.24810881774055e-07
rs5771717	0.284811168909073	0.0548891723155975	5.18884065643198	2.11607367326707e-07
rs17824359	0.782005071640015	0.0583912469446659	13.3925050852412	6.68861117042264e-41
rs34726907	0.287264227867126	0.0481581725180149	5.9650151334058	2.44611369686806e-09
rs34726907	0.287264227867126	0.0481581725180149	5.9650151334058	2.44611369686806e-09
rs2668812	-0.70087593793869	0.115968152880669	-6.04369320825425	1.50625804219717e-09
rs11682827	-0.251528799533844	0.0448581613600254	-5.60720261169665	2.05622900378462e-08
rs16864796	-0.84952187538147	0.0967984944581985	-8.77618892872686	1.6910764820992e-18
rs1379463	0.61624002456665	0.0825930312275887	7.46116246622035	8.57624213484337e-14
rs4668574	-0.473058432340622	0.070480041205883	-6.71194886164646	1.9204200409572e-11
rs2715877	-0.789057970046997	0.0898123905062675	-8.78562485197333	1.55497731915264e-18
rs7558875	-0.675545871257782	0.123138427734375	-5.48606867642503	4.10977174648025e-08
rs1366834	-0.382280826568604	0.0574138388037682	-6.65833942710541	2.76938623465265e-11
rs16985159	-0.604857206344604	0.0863391906023026	-7.00559273401936	2.45942368877456e-12
rs4666491	-0.454458445310593	0.0875072479248047	-5.19338061803876	2.06509383056693e-07
rs17042331	0.865860879421234	0.140935227274895	6.14367959071274	8.06314113525708e-10
rs17044745	-0.550912082195282	0.0713202357292175	-7.72448487532959	1.12306574218541e-14
rs10205268	0.948127627372742	0.166033431887627	5.7104621436389	1.12669798192659e-08
rs17014843	0.55245441198349	0.0725961625576019	7.60996714592375	2.74165606305931e-14
rs2717510	0.324612945318222	0.0640154629945755	5.07085210561906	3.96038456197844e-07
rs12712986	-0.209107294678688	0.0387638546526432	-5.39438857545168	6.87572781497233e-08
rs17040256	0.622736811637878	0.106859289109707	5.82763386155925	5.62187518322143e-09
rs1554283	0.728129982948303	0.103306360542774	7.0482589757561	1.81170224562774e-12
rs17041373	0.62224942445755	0.0738683566451073	8.42376157692368	3.64585817249557e-17
rs10185687	-0.666898369789124	0.095726765692234	-6.96668653710952	3.24492561709996e-12
rs6731217	-0.289919078350067	0.0572881661355495	-5.06071494179251	4.17687292506683e-07
rs4672158	0.427765399217606	0.0845278725028038	5.06064315298385	4.17844601439352e-07
rs17048350	0.744379281997681	0.0941899493336678	7.9029587261027	2.72359792510726e-15
rs17048515	0.541214942932129	0.0900935009121895	6.0072584309897	1.88686634700998e-09
rs13430229	0.382305324077606	0.0661380812525749	5.78041147909355	7.45181393891495e-09
rs17048832	0.404570877552032	0.0785387456417084	5.1512266238332	2.58788244225673e-07
rs17048908	-0.489066004753113	0.0906037166714668	-5.39785808706379	6.74411770631198e-08
rs730424	0.276425421237946	0.0478860028088093	5.77257246426703	7.80703516775995e-09
rs10221839	-0.567060768604279	0.105441637337208	-5.37795867860804	7.5335100352698e-08
rs7563611	-0.78115576505661	0.101673878729343	-7.6829543125433	1.55461043816153e-14
rs6745989	0.803889870643616	0.143323376774788	5.6089236015337	2.03588864851109e-08
rs17019204	0.685231626033783	0.08001309633255	8.56399336410913	1.09024116734815e-17
rs17019339	-0.679640352725983	0.118663974106312	-5.72743629938677	1.01959703354575e-08
rs2241435	0.206608861684799	0.0400781594216824	5.15514845656867	2.53430067523814e-07
rs12612437	0.527534782886505	0.0908667221665382	5.80558834200768	6.41403747557469e-09
rs7595171	0.717907786369324	0.108669348061085	6.60635035710139	3.93910044158506e-11
rs12052966	-0.639678239822388	0.0803876593708992	-7.95741840014259	1.75665897599077e-15
rs17041554	-0.423770636320114	0.0481220446527004	-8.80616439676434	1.2950106964333e-18
rs156723	0.596192121505737	0.0792800486087799	7.52007764838468	5.47437198194255e-14
rs7563349	-0.660793542861938	0.088444359600544	-7.47129094321436	7.94118542868936e-14
rs1154727	-0.727847576141357	0.0991204082965851	-7.34306474972857	2.08757469370932e-13
rs10180115	-0.771494269371033	0.114584304392338	-6.73298383633266	1.66218534306524e-11
rs10496532	-0.723217785358429	0.116640366613865	-6.20040734056181	5.63172089349946e-10
rs10174327	0.709330022335052	0.0621072016656399	11.4210591253781	3.28209538572231e-30
rs1503998	-0.507672846317291	0.0916547104716301	-5.53897168737914	3.04252821479847e-08
rs6744994	0.749750256538391	0.109658017754555	6.83716769544877	8.07741702392516e-12
rs3732196	0.437948942184448	0.0847183391451836	5.1694703484912	2.3475837714028e-07
rs13388152	-0.844402611255646	0.131556242704391	-6.41856740430807	1.37562697660131e-10
rs16830319	0.895912110805511	0.0913186296820641	9.81083612319554	1.01127113427623e-22
rs16830347	0.494010388851166	0.0858815163373947	5.75223179467854	8.80729268789741e-09
rs10176106	-0.4289930164814	0.0742529183626175	-5.77745664333883	7.58382555178163e-09
rs12614400	-0.50252765417099	0.0789105668663979	-6.368318897288	1.91111250042264e-10
rs2376105	0.536217331886292	0.0502022914588451	10.6811325998112	1.2474037123393e-26
rs10496822	-0.560257732868195	0.048064086586237	-11.6564731103955	2.12670351246664e-31
rs1492394	-0.617669284343719	0.0971530899405479	-6.357690575994	2.04809498206841e-10
rs2380968	-0.811057806015015	0.0806195735931396	-10.0603088042633	8.27384115521674e-24
rs17692364	0.244101673364639	0.0491995364427567	4.9614628716807	6.99642450771148e-07
rs7582005	-0.745187997817993	0.074722945690155	-9.97267962250817	2.007385677677e-23
rs12471408	0.63039493560791	0.0977743417024612	6.44744750648668	1.13749549927479e-10
rs12052223	0.77658075094223	0.151262432336807	5.13399618758651	2.83653843573057e-07
rs16827262	0.799068748950958	0.0969817563891411	8.23937180251387	1.73117189909275e-16
rs7602173	-0.64723002910614	0.0791515335440636	-8.17710030527491	2.90755965015911e-16
rs6707470	0.585574448108673	0.0848895236849785	6.89807673184403	5.27112750664667e-12
rs13404523	0.748270928859711	0.133602127432823	5.60074112020373	2.13437291310919e-08
rs7578932	0.799132347106934	0.0953390300273895	8.38200626624117	5.20330639845121e-17
rs1026992	-0.579116761684418	0.0729331225156784	-7.9403807448382	2.01561564739887e-15
rs16846969	0.680183827877045	0.0917660519480705	7.41215093640461	1.24267207244748e-13
rs6741709	-0.701416015625	0.130407467484474	-5.37864916139491	7.50467909333432e-08
rs16852633	0.796272039413452	0.130373492836952	6.10762220207821	1.01126379337398e-09
rs4144083	-0.520437061786652	0.0696922019124031	-7.46765129391083	8.16388377061963e-14
rs16854524	-1.09138524532318	0.187202498316765	-5.82997158230468	5.54368158175351e-09
rs2601083	0.332404881715775	0.0591098107397556	5.62351456646111	1.87110977772179e-08
rs11890130	0.315850406885147	0.0517512671649456	6.10324005938723	1.03939548249042e-09
rs16855701	0.411352396011353	0.0802567601203918	5.12545479526323	2.96820378466962e-07
rs2893113	-1.51997137069702	0.274238497018814	-5.54251641261272	2.98155447505402e-08
rs13404228	0.648760676383972	0.0759354084730148	8.5435857846807	1.30119842250556e-17
rs11568364	-0.338766247034073	0.0544937252998352	-6.21661017245774	5.08009737156778e-10
rs4500910	-0.340093910694122	0.0421958416700363	-8.05989162044909	7.63621211214268e-16
rs2557800	-0.689784049987793	0.115313589572906	-5.98181057881026	2.20670808159002e-09
rs7601760	0.410389751195908	0.0785573869943619	5.22407588767383	1.75026992738739e-07
rs6730777	0.379378587007523	0.0732967332005501	5.17592763608564	2.26781349437219e-07
rs7600001	1.01249480247498	0.173231855034828	5.84473798004079	5.07366230360335e-09
rs7567371	0.368763208389282	0.0735581144690514	5.01322268863259	5.35258887044029e-07
rs16867502	-0.20370614528656	0.0400282181799412	-5.08906352940388	3.59836059147215e-07
rs16822622	-0.665543377399445	0.114911310374737	-5.79180043486619	6.96358568422059e-09
rs16833504	-0.624864399433136	0.101530499756336	-6.15445014978508	7.53384159618635e-10
rs16834487	0.669794738292694	0.0829150751233101	8.07808154664981	6.57936061373455e-16
rs777122	-0.664901256561279	0.0794608369469643	-8.36765987004471	5.87737533038165e-17
rs17441082	-0.231272608041763	0.0446364469826221	-5.18125038338742	2.20403396453784e-07
rs17821284	0.32281830906868	0.0541554056107998	5.96096189157344	2.50757447104281e-09
rs2667161	-0.609307646751404	0.0779456719756126	-7.81708119652933	5.4062233886544e-15
rs16830007	0.72717958688736	0.118150018155575	6.15471413580183	7.52130364845423e-10
rs1947478	-0.485457926988602	0.0799489840865135	-6.07209625657386	1.26251214473111e-09
rs13426767	0.86800229549408	0.17072594165802	5.08418513943692	3.69207675188872e-07
rs3219173	-0.432827800512314	0.071191817522049	-6.0797408406979	1.20376948091361e-09
rs2259038	0.393323242664337	0.0603388957679272	6.5185687881515	7.09813848879548e-11
rs10932124	0.746436834335327	0.131114274263382	5.69302494735155	1.24808142239521e-08
rs16841092	0.640063285827637	0.074663445353508	8.57264599560251	1.01134019553597e-17
rs16842134	-0.389283537864685	0.0681772530078888	-5.70987419835823	1.13059713036632e-08
rs16846111	-0.823154270648956	0.157427534461021	-5.22878207720879	1.70630346197131e-07
rs11898937	0.57365882396698	0.101710692048073	5.64010343864186	1.69948039956438e-08
rs777313	0.793763160705566	0.116762198507786	6.79811763438692	1.05994895529036e-11
rs16856545	0.487036138772964	0.0719496980309486	6.76911998384579	1.29568060376791e-11
rs6436032	0.444634288549423	0.0877994373440742	5.06420430471509	4.10109649842444e-07
rs4284821	-0.701677739620209	0.107846774160862	-6.50624689593034	7.7051551367223e-11
rs6755463	0.876102089881897	0.158017873764038	5.54432273395949	2.95094114544266e-08
rs6706435	-0.750563621520996	0.133774235844612	-5.61067395961676	2.0154016085829e-08
rs7578326	0.255565911531448	0.0412121377885342	6.20122918259654	5.60238593286558e-10
rs13405357	-0.328612416982651	0.0487871691584587	-6.73563198379745	1.63218927102087e-11
rs13423088	-0.258785635232925	0.0397698916494846	-6.50707418349928	7.66285766810986e-11
rs2894586	0.264805734157562	0.0428212098777294	6.18398534076178	6.25031744169368e-10
rs6713510	-0.26480558514595	0.0428369678556919	-6.18170702553039	6.34121293331794e-10
rs4072096	0.265125393867493	0.0428223647177219	6.19128335427426	5.9676319046862e-10
rs4645008	-0.264997839927673	0.0428382903337479	-6.18600410667903	6.17084006352602e-10
rs2943644	0.271726131439209	0.0427507311105728	6.35605811597472	2.06996739850195e-10
rs2943651	-0.268038243055344	0.0399081073701382	-6.7163857350927	1.86287260846053e-11
rs2943653	-0.845921516418457	0.0571894571185112	-14.7915640231641	1.66049966218576e-49
rs2943632	-0.266428381204605	0.0400200113654137	-6.65737894904395	2.78753817958537e-11
rs2943633	-0.26557794213295	0.0427958630025387	-6.20569194076529	5.44567605092273e-10
rs1226989	-0.262352585792542	0.0418536998331547	-6.26832482763489	3.64952865541505e-10
rs955938	-0.764709711074829	0.111230470240116	-6.87500205136264	6.19889670053074e-12
rs13397769	0.413834601640701	0.0633805766701698	6.52935999295622	6.60513213016928e-11
rs6804588	-0.682013809680939	0.099429078400135	-6.85929931821648	6.91991135049457e-12
rs11927325	-0.366380929946899	0.060679167509079	-6.03800192038034	1.56034209116111e-09
rs4234544	-0.503205835819244	0.0665062367916107	-7.56629543475718	3.84018149040535e-14
rs4085638	0.598676979541779	0.10390630364418	5.76170028713472	8.32707704687171e-09
rs28689520	0.448820829391479	0.0550887919962406	8.14722583537696	3.72367878444712e-16
rs9853500	-0.811757504940033	0.0951947644352913	-8.52733351204231	1.4975963699602e-17
rs9832744	-0.944164574146271	0.129371002316475	-7.29811593974204	2.91825130295812e-13
rs9869090	-0.653425395488739	0.115186281502247	-5.67277098424253	1.40506011511306e-08
rs11927632	-0.7104651927948	0.0670912340283394	-10.5895383068181	3.33231329784949e-26
rs17005949	0.497744202613831	0.0792869180440903	6.27775949541944	3.43486684843127e-10
rs9829312	0.77435302734375	0.112554155290127	6.87982620763957	5.99256234079865e-12
rs10222425	0.604679048061371	0.0754936262965202	8.00967018972359	1.15016470987043e-15
rs9820193	-0.716869354248047	0.101429954171181	-7.06762967710902	1.57602448678254e-12
rs9310799	0.722756624221802	0.0959237590432167	7.53469871730295	4.89463598187299e-14
rs17019022	0.507904410362244	0.0640935003757477	7.92442926949937	2.29196564889217e-15
rs12487359	-0.615362465381622	0.0946048498153687	-6.50455517431259	7.79236129953199e-11
rs12485863	-0.674841582775116	0.101393491029739	-6.65566966795909	2.82013011479686e-11
rs7623768	0.264130413532257	0.0474986508488655	5.56079822925256	2.68543527630858e-08
rs28414245	0.371382862329483	0.0699333623051643	5.31052490668045	1.09309943858098e-07
rs17050778	-0.819618344306946	0.156534969806671	-5.23600793687965	1.64086899473901e-07
rs9311145	0.586909413337708	0.108260460197926	5.42127210862301	5.91764022317216e-08
rs652819	0.669914424419403	0.133596360683441	5.01446612012716	5.31809219726713e-07
rs12634519	0.853557169437408	0.122938834130764	6.94294179274159	3.8401768034906e-12
rs17055665	-0.582434237003326	0.068306565284729	-8.52676802845389	1.50493230411511e-17
rs549754	-0.631592869758606	0.124970696866512	-5.05392772541906	4.32815449965433e-07
rs17067809	0.430336087942123	0.0735228508710861	5.853093056697	4.82513963980261e-09
rs2052151	0.699720442295074	0.133327051997185	5.24815055769663	1.53633720900967e-07
rs17071575	-0.765382468700409	0.108807966113091	-7.03425030392443	2.00335210402747e-12
rs17045978	-0.769021213054657	0.140106946229935	-5.48881574931043	4.046374307576e-08
rs17042943	-0.628202795982361	0.118065349757671	-5.32080578486191	1.0330864520782e-07
rs4422316	0.456692069768906	0.0540261268615723	8.45317064721406	2.83496857943203e-17
rs4525829	0.216151058673859	0.0422691442072392	5.1136842897529	3.15935227110073e-07
rs9811981	-0.472591817378998	0.05965705960989	-7.92180875942219	2.34080147788354e-15
rs1400239	-0.731763064861298	0.142182171344757	-5.14665838860311	2.6516757940733e-07
rs9871044	-0.739526987075806	0.11882858723402	-6.22347706296792	4.8625593368068e-10
rs17748728	-0.252017438411713	0.0478191487491131	-5.27022008973732	1.36260273262329e-07
rs7624583	-0.825774729251862	0.101902052760124	-8.1036123108896	5.33509303293797e-16
rs6775339	-0.482608497142792	0.0673122182488441	-7.16970127709436	7.51615889021276e-13
rs4440137	0.287829756736755	0.0539565570652485	5.3344722567952	9.5822836464586e-08
rs3919917	-0.642704904079437	0.0604903995990753	-10.624907561187	2.28238175253669e-26
rs7626944	0.567437291145325	0.102335445582867	5.5448753646735	2.94163630098635e-08
rs2713786	0.256841748952866	0.0504731871187687	5.08867705042066	3.60570049904183e-07
rs16845264	0.678844034671783	0.0761127844452858	8.91892261752393	4.70846209161081e-19
rs13322749	-0.704969823360443	0.0951433107256889	-7.40955741379409	1.2672160668949e-13
rs6789352	-0.284882217645645	0.0480269938707352	-5.93171037130507	2.99795121131679e-09
rs6775553	0.289586693048477	0.057022251188755	5.07848580179494	3.80454857991219e-07
rs6788482	0.341673046350479	0.0586820729076862	5.82244337019196	5.79934532527964e-09
rs7639559	-0.358828008174896	0.04950837418437	-7.24782451628516	4.2351882430192e-13
rs16857314	-0.632106840610504	0.10204055160284	-6.19466310874893	5.84098262381324e-10
rs9816420	0.402183145284653	0.067047081887722	5.9985182644959	1.99126126290557e-09
rs17703731	0.339089661836624	0.0633409842848778	5.35340057728751	8.63164714104586e-08
rs1432373	0.733194053173065	0.142105787992477	5.15949465205372	2.47617296449177e-07
rs16826976	0.676085591316223	0.121288292109966	5.57420324381557	2.48665290642167e-08
rs16828526	-0.444099277257919	0.0525906346738338	-8.44445555776642	3.05465748475593e-17
rs1392919	-0.914506494998932	0.165905997157097	-5.51219672989267	3.54382482116461e-08
rs16849860	-1.12463545799255	0.201462894678116	-5.58234537327292	2.37296554921258e-08
rs1389813	-0.533580422401428	0.0770239531993866	-6.92746087727002	4.28460977162472e-12
rs16855089	-0.75403243303299	0.0942802131175995	-7.99778031995383	1.26682127028964e-15
rs3851987	0.802621185779572	0.122022867202759	6.57762929341677	4.78008157428365e-11
rs17401096	0.228996053338051	0.0438194461166859	5.22590022539906	1.73309801787339e-07
rs12635085	0.266149371862411	0.0512133799493313	5.19687183555801	2.02669988514923e-07
rs16863208	0.505164086818695	0.0729513838887215	6.9246676333003	4.37000289989407e-12
rs11926007	0.637631237506866	0.1263607442379	5.04611809112484	4.50876793222817e-07
rs9848846	0.544464409351349	0.0633825361728668	8.59013290137839	8.68687852571804e-18
rs9873090	0.753008425235748	0.118052512407303	6.37858873039254	1.7872728358488e-10
rs9811507	0.569900155067444	0.081799104809761	6.96707080588293	3.23607826865297e-12
rs16850190	-0.553005576133728	0.0935987830162048	-5.90825605112821	3.4574833178115e-09
rs11917243	-0.385140687227249	0.0668504759669304	-5.76122580515014	8.3505233994269e-09
rs7641304	0.660169899463654	0.0851730331778526	7.75092625954898	9.12246529707308e-15
rs9866822	0.491732656955719	0.0910064876079559	5.4032703588566	6.54367153572325e-08
rs6803943	-0.863830029964447	0.095591738820076	-9.03665986859345	1.61532038704969e-19
rs9827686	-0.561522006988525	0.0803855061531067	-6.98536382813861	2.84118719616215e-12
rs848977	0.317933470010757	0.0539319813251495	5.89508232775603	3.74494618035346e-09
rs7641362	-0.78264194726944	0.0902054533362389	-8.67621544289744	4.09156727567476e-18
rs6796983	-0.264929473400116	0.0466301813721657	-5.68150210023109	1.33516874914874e-08
rs7669357	-0.797344744205475	0.129419520497322	-6.16093106466094	7.23184701847379e-10
rs16895848	-0.405601739883423	0.0743385031819344	-5.45614617623874	4.86579412398916e-08
rs4698005	-0.293290466070175	0.0418833531439304	-7.00255457251225	2.51336933244397e-12
rs12645385	0.374416947364807	0.0514630600810051	7.27545052267507	3.45266223479018e-13
rs4834891	0.629371345043182	0.10475604981184	6.0079713407831	1.87859037369645e-09
rs16892824	0.66416472196579	0.100945241749287	6.57945545977635	4.72174323321001e-11
rs16895955	-0.679639160633087	0.0540006309747696	-12.5857633209995	2.52886382715312e-36
rs16898057	-0.396828562021255	0.0738139525055885	-5.37606439637832	7.61315724654904e-08
rs16870624	0.499557167291641	0.0655365958809853	7.622568132755	2.486777849927e-14
rs16871869	-0.745584189891815	0.111977145075798	-6.65836041262817	2.76899092647738e-11
rs2016836	-0.477754294872284	0.0617896094918251	-7.73195200295758	1.05909878465395e-14
rs16872998	-0.544171988964081	0.0655597224831581	-8.30040104431308	1.03760532867239e-16
rs16873011	0.89329195022583	0.163984477519989	5.44741772962591	5.11063407859412e-08
rs10017426	-0.643416821956635	0.0545378774404526	-11.7976139181279	4.01536073528289e-32
rs16876011	-0.725682258605957	0.136770516633987	-5.30583839606282	1.12156290108992e-07
rs10517084	-0.575223326683044	0.0700702592730522	-8.20923645282222	2.22599484696383e-16
rs11933561	-0.714547634124756	0.124005794525146	-5.76221165197131	8.30187980447054e-09
rs10517156	0.647178411483765	0.109994076192379	5.88375696116447	4.01056643336666e-09
rs9985580	0.876584708690643	0.132679998874664	6.60675848752989	3.9282609529522e-11
rs10007711	-0.261667013168335	0.0515784919261932	-5.07318076578839	3.9122053524515e-07
rs16991635	0.367517828941345	0.0651949048042297	5.63721705008919	1.72820234530046e-08
rs16992278	-0.518977046012878	0.0657070577144623	-7.89834553645901	2.8262973964689e-15
rs1583456	-0.814205288887024	0.164145424962044	-4.96026793969613	7.03960125889732e-07
rs16994475	-1.02507531642914	0.168502435088158	-6.08344511990486	1.17627192394118e-09
rs16994899	-0.224339887499809	0.0452836453914642	-4.95410397198491	7.26643469723582e-07
rs6447097	0.688278198242188	0.101640060544014	6.77172164753028	1.27258806832624e-11
rs16856644	0.498906016349792	0.0522133596241474	9.55514105855506	1.23415679492271e-21
rs16858862	0.45279335975647	0.0851099863648415	5.32009672537695	1.0371209757077e-07
rs13120165	0.572157800197601	0.0694823190569878	8.23458122818742	1.80186820382072e-16
rs16859204	0.612141907215118	0.0879759341478348	6.95806089636371	3.44988099709812e-12
rs9994505	-0.686388969421387	0.115939892828465	-5.9202139373797	3.21523092462853e-09
rs17084573	-0.513079106807709	0.0995381325483322	-5.15459848072372	2.54174955357125e-07
rs10006123	-0.281831651926041	0.0557274408638477	-5.05732270417023	4.25183408664443e-07
rs4860045	-0.442153513431549	0.0852677673101425	-5.18547075148941	2.15469902900178e-07
rs17090126	-0.404828369617462	0.0686573460698128	-5.89635913403674	3.71609712710977e-09
rs17083864	0.448281615972519	0.0724631249904633	6.18634120501312	6.15766516896879e-10
rs10005234	0.639446675777435	0.125495031476021	5.09539436148608	3.48016039189849e-07
rs17082174	-0.820538222789764	0.129315823316574	-6.34522676146932	2.22098059966965e-10
rs4435712	0.317869365215302	0.0585221908986568	5.43160398361979	5.5849756304243e-08
rs10805068	-0.43982395529747	0.0808130651712418	-5.44248574615366	5.25421660202671e-08
rs17002920	-0.704904735088348	0.112631924450397	-6.25848078622493	3.88745779884897e-10
rs10518193	-0.780820667743683	0.132507711648941	-5.89264321319161	3.80066448704298e-09
rs17004008	-0.707272112369537	0.101618908345699	-6.96004438429368	3.40165551342133e-12
rs6812277	0.679417669773102	0.0834666937589645	8.13998541424352	3.95325518934616e-16
rs17008922	0.883232235908508	0.178419023752213	4.95032546044605	7.40894768732166e-07
rs9993320	-0.859511375427246	0.149445772171021	-5.75132613616964	8.854611218273e-09
rs6532186	-0.381675541400909	0.0597129538655281	-6.39183823095457	1.639032518032e-10
rs11947451	-0.367186367511749	0.0710060298442841	-5.17119980256588	2.32595702293527e-07
rs1922222	0.826820015907288	0.120543599128723	6.85909514800835	6.92980739589114e-12
rs10516907	0.793418109416962	0.104399047791958	7.59985963663243	2.96452116496221e-14
rs17026245	-0.592173337936401	0.0689407661557198	-8.58959612660571	8.72755615614957e-18
rs17026255	-0.697853207588196	0.0698231309652328	-9.99458485950279	1.60960247599166e-23
rs17031772	0.767944157123566	0.0575069710612297	13.3539315834581	1.12358674530759e-40
rs12649290	-0.286844283342361	0.0468920208513737	-6.11712351343369	9.52795179168122e-10
rs10012206	-0.589581787586212	0.0817989334464073	-7.20769529314819	5.69067921861118e-13
rs7669112	0.647787153720856	0.11640989035368	5.56470890705875	2.62590377814629e-08
rs17839126	-0.578745245933533	0.1081408187747	-5.35177421894029	8.70960277613801e-08
rs10518361	0.549131751060486	0.0759379044175148	7.23132611141467	4.783002457852e-13
rs1012538	-0.683587729930878	0.113604225218296	-6.0172738172135	1.77378901520538e-09
rs1506543	-0.582175612449646	0.103663437068462	-5.61601688033132	1.95409579157934e-08
rs1912043	0.689019441604614	0.0529906302690506	13.0026655298538	1.18152105722902e-38
rs17019830	0.604657173156738	0.0789571329951286	7.65804367787826	1.88786686915295e-14
rs10519658	-0.774360716342926	0.100113615393639	-7.73481921812732	1.03550142501332e-14
rs6836137	-0.709287524223328	0.143220365047455	-4.95242086548453	7.32958666289332e-07
rs7673263	0.732714176177979	0.119055479764938	6.15439270518789	7.53657261219954e-10
rs17020200	-0.69971626996994	0.0893354490399361	-7.83245931474685	4.78418037421414e-15
rs1504352	0.779395937919617	0.115288205444813	6.76041347779244	1.37598482216585e-11
rs9308221	0.666410684585571	0.0758462697267532	8.78633434427835	1.54519264262883e-18
rs4579099	0.734868884086609	0.0988184586167336	7.43655481347661	1.03345095846746e-13
rs17025619	-0.745268702507019	0.108802445232868	-6.84974221775929	7.39831826896984e-12
rs6836377	0.546732306480408	0.0482992567121983	11.3196836493413	1.04849595362548e-29
rs7664726	-0.339324295520782	0.0606286488473415	-5.59676492832911	2.18388497003927e-08
rs4696202	-0.783512115478516	0.0800048932433128	-9.79330243083608	1.20301138085446e-22
rs17031279	0.771789729595184	0.104171492159367	7.40883819168549	1.27410643784236e-13
rs17032722	0.715600669384003	0.131487652659416	5.44234120018537	5.25848312629624e-08
rs12504090	-0.49354812502861	0.0594427809119225	-8.30291109293675	1.01590899375267e-16
rs17641177	-0.318638354539871	0.04545633867383	-7.00976725878093	2.38714887214894e-12
rs17045417	0.720477283000946	0.139799535274506	5.15364576560458	2.55470321500396e-07
rs17053323	0.402210921049118	0.0619754754006863	6.48984002863597	8.5927563553589e-11
rs7657690	-0.587542295455933	0.117469295859337	-5.0016669560996	5.68367152498671e-07
rs3792617	0.297492980957031	0.0485499203205109	6.12756888153633	8.92319729732931e-10
rs10428426	0.679466485977173	0.0779329314827919	8.71860551180734	2.81649011453812e-18
rs17057978	-0.85638552904129	0.142083153128624	-6.02735447647356	1.66665198920534e-09
rs4563475	-0.453731745481491	0.0642507523298264	-7.06189000172781	1.64252992758461e-12
rs11931483	-0.680268347263336	0.0807328596711159	-8.42616438999643	3.57180291103032e-17
rs9992439	-0.876818239688873	0.133771628141403	-6.55459047535875	5.57947793532761e-11
rs13435405	0.59559166431427	0.102542713284492	5.80823000715687	6.31367419852136e-09
rs17068098	0.75796502828598	0.113996282219887	6.64903287656298	2.95025100599048e-11
rs4487393	0.669215023517609	0.127365127205849	5.25430342040185	1.48585751145603e-07
rs13356428	0.735904633998871	0.0583288036286831	12.6164877079185	1.71292052823917e-36
rs6877614	-0.396533966064453	0.0799521505832672	-4.95964102493375	7.06235627840424e-07
rs10074578	-0.770429790019989	0.0954659730195999	-8.07020308546809	7.01813338726352e-16
rs13156488	-0.668643176555634	0.0918711051344872	-7.2780573998411	3.3866124695184e-13
rs6880299	0.565632998943329	0.105914875864983	5.34044905707467	9.27166295454726e-08
rs344736	-0.529838979244232	0.0796239823102951	-6.65426375158487	2.84721691671593e-11
rs16891846	0.309273064136505	0.0563765466213226	5.48584620150416	4.11494801296887e-08
rs16898074	-0.735678195953369	0.143497005105019	-5.1267843214913	2.94732824848491e-07
rs6893203	-0.674448788166046	0.0543632730841637	-12.406331515799	2.41465012789254e-35
rs10065849	0.638710796833038	0.0583023391664028	10.9551487292829	6.27751635283629e-28
rs13354626	-0.689013242721558	0.111863367259502	-6.15941804364942	7.3012754288217e-10
rs10447140	0.41245236992836	0.0656052902340889	6.28687669022836	3.23916454108656e-10
rs16902944	0.492720037698746	0.0757035836577415	6.50854310842602	7.5883134491292e-11
rs16902999	-0.437767863273621	0.0473731681704521	-9.24083991382	2.44569799455411e-20
rs16867785	-0.587533235549927	0.0856405198574066	-6.86045853677889	6.86398648975921e-12
rs12109668	0.708533585071564	0.108296439051628	6.54253815985386	6.04833954160297e-11
rs10061023	0.646468043327332	0.127394586801529	5.07453306736243	3.88448679344014e-07
rs12110149	0.6771040558815	0.0823762193322182	8.21965442661044	2.04090407492052e-16
rs16878993	0.235168144106865	0.0454787313938141	5.17094775732579	2.32909681213623e-07
rs16881344	0.625265121459961	0.109353505074978	5.71783337928903	1.07890857131893e-08
rs16898046	0.350097864866257	0.0649215206503868	5.39263192480645	6.94330872501537e-08
rs16892340	0.735144138336182	0.119704611599445	6.14131843805749	8.1839332431879e-10
rs16892342	-0.695872664451599	0.084365576505661	-8.24830094540876	1.60662356049712e-16
rs16896325	0.406848579645157	0.0715290158987045	5.68788168736047	1.28624881747854e-08
rs7703294	-0.70277863740921	0.102258540689945	-6.87256665964052	6.30568977994201e-12
rs7704715	-0.755686342716217	0.096002109348774	-7.87155977970048	3.50246712533016e-15
rs16872051	-0.990390837192535	0.178440973162651	-5.55024342021371	2.85272108545743e-08
rs9293665	-0.389898866415024	0.0604100599884987	-6.45420425818573	1.08788999472761e-10
rs2287677	1.33632040023804	0.230670869350433	5.79319098246391	6.90614967388803e-09
rs1390315	-0.443046689033508	0.0498875789344311	-8.88090178951797	6.63204888301476e-19
rs7708890	0.453531950712204	0.0752540156245232	6.02668106078329	1.67360803435792e-09
rs11955322	0.709032952785492	0.0930914133787155	7.61652366261748	2.60598834431649e-14
rs1975424	-0.761740684509277	0.0950343310832977	-8.01542638145798	1.09755591132752e-15
rs12654418	0.70671135187149	0.114126406610012	6.19235611514901	5.92714489653638e-10
rs1353798	-0.826904237270355	0.123805195093155	-6.67907543498611	2.40454376642772e-11
rs7735525	0.488100945949554	0.054399386048317	8.97254512240318	2.89740550735397e-19
rs6881589	0.636070549488068	0.0888422057032585	7.15955377799381	8.09400886229909e-13
rs17135263	-0.421098351478577	0.0671644359827042	-6.26966258731058	3.61831306346291e-10
rs6875117	-0.887560248374939	0.103767611086369	-8.55334568352157	1.19571117042579e-17
rs7706741	-0.599081099033356	0.108095049858093	-5.54216959814375	2.98746740359689e-08
rs1482903	-0.761392831802368	0.129473239183426	-5.88069655632617	4.08543536328878e-09
rs6871488	0.675118565559387	0.0917503908276558	7.35820915278205	1.86393844885018e-13
rs17131936	-0.2896468937397	0.0560217946767807	-5.1702537451866	2.33776346731084e-07
rs17136164	0.318134635686874	0.0642475485801697	4.95170076862773	7.35676668130031e-07
rs4440398	0.694535076618195	0.137262970209122	5.05988669456927	4.19505687305123e-07
rs2636971	-0.404677748680115	0.0794548690319061	-5.09317746804934	3.52111817190384e-07
rs13187208	-0.360518485307693	0.0508220419287682	-7.09374262870022	1.30532789660616e-12
rs17148409	-0.326901286840439	0.065012089908123	-5.02831530723632	4.94807777249367e-07
rs7712381	-0.681686997413635	0.128148406744003	-5.31951207770702	1.04045906763665e-07
rs6888130	-0.672416388988495	0.118233002722263	-5.68721400545028	1.29128599706617e-08
rs395352	0.251622498035431	0.0506889559328556	4.96404973045291	6.90382534078225e-07
rs10042385	-0.610930562019348	0.0600837729871273	-10.1679793336254	2.75565903123953e-24
rs7731571	0.560624063014984	0.102171614766121	5.4870823398289	4.08626691170049e-08
rs328970	0.633922934532166	0.108845934271812	5.82403870914574	5.74422623649351e-09
rs10434778	0.556588113307953	0.083046168088913	6.70215286407971	2.05371025122351e-11
rs753655	0.679292559623718	0.124646708369255	5.44974326647578	5.04425831065018e-08
rs17698305	0.292345404624939	0.0560753494501114	5.21343883706031	1.85371668116647e-07
rs703253	-0.27030622959137	0.05350611358881	-5.05187559815409	4.37492618221781e-07
rs17171076	-1.18429780006409	0.236928388476372	-4.99854748381997	5.77637831996795e-07
rs9324902	-0.576175212860107	0.0921034663915634	-6.2557386321443	3.95638868457108e-10
rs17101008	-0.979211568832397	0.168406620621681	-5.81456694052521	6.07910557964573e-09
rs10477294	-0.813785314559937	0.134016424417496	-6.07228045440747	1.26106441893832e-09
rs11956510	-0.404663652181625	0.0723716914653778	-5.59146323635691	2.25163972877243e-08
rs17057207	0.76529997587204	0.154584154486656	4.95070130838088	7.39465222157948e-07
rs17058770	-0.504785537719727	0.0938313454389572	-5.37971117602827	7.46054340289368e-08
rs7718064	0.536208093166351	0.0504235774278641	10.6340747824458	2.06871745282154e-26
rs6556547	0.275840699672699	0.0538848526775837	5.11907680852674	3.07034906231985e-07
rs17059516	0.629660308361053	0.0572278089821339	11.0026981560246	3.70866128451763e-28
rs10056241	-0.725598216056824	0.0967114567756653	-7.50271209066722	6.25107539776661e-14
rs17069589	-0.791970908641815	0.0927769392728806	-8.53629053565161	1.38599593082237e-17
rs10080048	-0.673674643039703	0.118862666189671	-5.66767231995882	1.44750451332388e-08
rs17076336	0.473956674337387	0.0832101553678513	5.69589940365023	1.22723225489501e-08
rs11962042	-0.53434544801712	0.08464515209198	-6.31277084169536	2.740832029409e-10
rs9503942	-0.728141903877258	0.0872528329491615	-8.34519498411605	7.10964858567411e-17
rs6911497	-0.5606609582901	0.091289609670639	-6.14156375860179	8.17130140196098e-10
rs7769697	-0.524015367031097	0.0890936180949211	-5.88162629642907	4.06254775499953e-09
rs17144162	0.655531823635101	0.104107648134232	6.29667306276947	3.04101728189594e-10
rs4628104	-0.679060816764832	0.133367523550987	-5.09165049094748	3.54959972682214e-07
rs2115062	0.812346220016479	0.0893826559185982	9.08840995680741	1.00497962505586e-19
rs9349993	0.418068557977676	0.0813867598772049	5.13681289940098	2.79436911521918e-07
rs2473660	-0.683033764362335	0.0952719300985336	-7.16930751435304	7.53780686293305e-13
rs4540261	0.280038177967072	0.0493469312787056	5.67488536187691	1.38781562567761e-08
rs16892958	-0.708044111728668	0.141351848840714	-5.00908985298484	5.46880383764994e-07
rs6906239	-0.446151554584503	0.0717730522155762	-6.21614297862728	5.09523797345908e-10
rs16875868	0.305095821619034	0.0609773844480515	5.00342585010274	5.63203355047683e-07
rs325040	-0.81619668006897	0.110414013266563	-7.39214757187113	1.44476046833342e-13
rs16877530	0.40850442647934	0.0592634491622448	6.89302482818681	5.46183372440252e-12
rs9473819	0.412011027336121	0.0758026763796806	5.43530976759236	5.47013173935589e-08
rs2661487	-0.693013966083527	0.113298542797565	-6.11670679049917	9.55288998880232e-10
rs1326595	0.473689556121826	0.0656035915017128	7.2204820693309	5.1803600557789e-13
rs16882112	-1.24687242507935	0.243423208594322	-5.12224135192191	3.01925088168914e-07
rs2748997	-0.439827919006348	0.0828741416335106	-5.30717917962123	1.11334723555291e-07
rs11756296	-0.522641897201538	0.0496375449001789	-10.5291649345787	6.33943542114727e-26
rs7775744	-0.427788525819778	0.0792129039764404	-5.4004903790298	6.64589756926187e-08
rs9454641	-0.734344661235809	0.092356413602829	-7.95120373982685	1.84707884368741e-15
rs16881389	-0.955743074417114	0.129506304860115	-7.37989610196547	1.58413104346128e-13
rs9448318	0.703618109226227	0.0998375043272972	7.04763319122598	1.8198660427257e-12
rs7767298	0.601429760456085	0.0837401896715164	7.18209216882938	6.86526109796437e-13
rs16893762	-0.235290393233299	0.0433628931641579	-5.42607690733562	5.76061455377164e-08
rs16876998	-0.724271357059479	0.0882742032408714	-8.20479064629085	2.30993049239472e-16
rs9449746	-0.683841347694397	0.0964973494410515	-7.08663348429216	1.37413672653329e-12
rs606745	0.762021720409393	0.0897782742977142	8.48781875537559	2.10551603819956e-17
rs9451398	-0.52062326669693	0.0660626888275146	-7.88074593900111	3.25432401778299e-15
rs6911468	-0.68712192773819	0.0981936827301979	-6.99761846824874	2.60349898857269e-12
rs9444985	0.510023534297943	0.0601982623338699	8.47239628727595	2.40395681941692e-17
rs6932030	0.712039411067963	0.108260616660118	6.57708622982812	4.79756579442059e-11
rs9294586	-0.352098137140274	0.0545075349509716	-6.45962319626046	1.049640062316e-10
rs9385366	0.698640704154968	0.103605039417744	6.74330812556319	1.54820391392582e-11
rs17062729	0.287998706102371	0.0556354708969593	5.17653039435515	2.26050240536696e-07
rs1770727	0.531955301761627	0.0693050622940063	7.67556198860284	1.64694986653345e-14
rs3121443	0.465744853019714	0.0632535442709923	7.36314238810649	1.7963058628773e-13
rs1230344	-0.819626986980438	0.0930083766579628	-8.81239966153378	1.22495010079774e-18
rs6940874	-0.1949393004179	0.038050752133131	-5.12313921511594	3.00490318086157e-07
rs933239	-0.34102925658226	0.0574724301695824	-5.93378869791992	2.96022763835096e-09
rs7746280	0.452046871185303	0.0700147151947021	6.45645518843028	1.07183900010432e-10
rs9490834	0.74559223651886	0.139533147215843	5.34347752771252	9.1180138043341e-08
rs3799730	-0.522452771663666	0.0905434042215347	-5.77019139224508	7.91815489583856e-09
rs17056505	0.794754981994629	0.111929886043072	7.10047164426485	1.2433184395085e-12
rs6906828	0.693327367305756	0.119952909648418	5.7799962446755	7.47022928455514e-09
rs7762438	-0.860403418540955	0.116877369582653	-7.36159122688415	1.81730752350969e-13
rs9495404	-0.685796201229095	0.0808102935552597	-8.48649560665355	2.12961710713579e-17
rs742378	0.448370516300201	0.0750617906451225	5.97335225347886	2.32427285262958e-09
rs9322039	0.74865585565567	0.112845174968243	6.63436301876759	3.25906844854591e-11
rs6920054	-0.6686891913414	0.0767079815268517	-8.71733525027412	2.84825827015696e-18
rs6918096	0.540811717510223	0.0719209611415863	7.51952850637745	5.4974131672532e-14
rs17083966	-0.670456290245056	0.127421721816063	-5.2617111171428	1.42720886108432e-07
rs7756232	1.06540143489838	0.184099897742271	5.78708325188686	7.16190887947302e-09
rs6907932	-0.817456543445587	0.101278945803642	-8.07133740343683	6.95322745887162e-16
rs9355268	0.664674639701843	0.113530375063419	5.85459740911232	4.781668896997e-09
rs12110591	-0.599284708499908	0.0821903198957443	-7.29142688895822	3.06689307266944e-13
rs16870929	0.689341247081757	0.0757237523794174	9.10336882974024	8.7572425445103e-20
rs12669876	-0.579416990280151	0.0955924615263939	-6.06132514037385	1.35004606128512e-09
rs16876850	0.185066819190979	0.0368051640689373	5.02828404308544	4.94888441258852e-07
rs6970485	0.355232715606689	0.0496205762028694	7.15898006009344	8.1279506411553e-13
rs6948287	-0.387607485055923	0.0743610039353371	-5.2125101134054	1.86302408086007e-07
rs17168423	-0.910356044769287	0.112754940986633	-8.07375744959335	6.81672243352882e-16
rs6956865	-0.715939462184906	0.107992611825466	-6.6295226134727	3.36774242175464e-11
rs17168937	-0.773279786109924	0.0575871542096138	-13.4279909594982	4.14504790211763e-41
rs11977467	-0.628583431243896	0.122507780790329	-5.13096741438579	2.8825681393708e-07
rs10241099	-0.701192498207092	0.0965013951063156	-7.26613845773513	3.69909442016149e-13
rs17142031	-0.812743782997131	0.11831733584404	-6.86918596669933	6.45692884749413e-12
rs38158	-0.264494508504868	0.0504007674753666	-5.24782700251816	1.53903713856909e-07
rs4072217	0.354295551776886	0.058004267513752	6.10809457584974	1.00827603602906e-09
rs7787486	0.86568284034729	0.0871913209557533	9.92854369974043	3.12790287778275e-23
rs11975351	0.694710075855255	0.129302754998207	5.37273993786821	7.75491359271339e-08
rs3807615	-0.317758560180664	0.0630045533180237	-5.04342215675645	4.57278845815391e-07
rs6973598	-0.419828325510025	0.0823062732815742	-5.10080591395227	3.38210247443175e-07
rs17170698	-0.625892758369446	0.0743876621127129	-8.41393237256317	3.96489364746702e-17
rs17132737	-0.504978597164154	0.0802631378173828	-6.29153819419691	3.14335449981173e-10
rs17734485	-0.57954728603363	0.0910882204771042	-6.36248334853906	1.98517565926696e-10
rs1880596	-0.50054532289505	0.0658134296536446	-7.60551950459447	2.83761702812757e-14
rs10270382	-0.800965189933777	0.0845421627163887	-9.47415069828238	2.68939527251951e-21
rs9918659	-0.685908198356628	0.11393840610981	-6.01999116694306	1.74426589106884e-09
rs10267913	-1.00957798957825	0.201543554663658	-5.00922984742958	5.46482770131423e-07
rs17151746	-0.41353440284729	0.0781711116433144	-5.29011797522081	1.22237487510914e-07
rs11983739	-0.464452922344208	0.0760041251778603	-6.11089097147455	9.90764381093716e-10
rs7799789	-0.571120023727417	0.0905568152666092	-6.30675915496782	2.84938694927676e-10
rs7811441	0.398585021495819	0.0607047118246555	6.56596513705764	5.16969112249329e-11
rs17154320	0.802955627441406	0.16008548438549	5.015792846701	5.28152107617698e-07
rs1553800	0.634188711643219	0.0847550854086876	7.48260365245544	7.28643832371385e-14
rs11531619	0.411984920501709	0.0665227621793747	6.19314212165177	5.8976505234096e-10
rs7782903	0.732922732830048	0.100786365568638	7.27204249002222	3.54092170906904e-13
rs17158240	-0.402874290943146	0.0597326084971428	-6.74462912434867	1.53418398792538e-11
rs16888146	0.728369891643524	0.0599572099745274	12.1481618633183	5.86698369107792e-34
rs10227630	0.835566282272339	0.129463598132133	6.4540634921914	1.0889015420789e-10
rs2188516	0.384766042232513	0.0758465006947517	5.07295707393311	3.91680879496817e-07
rs10281143	0.658489644527435	0.0788353905081749	8.35271621390843	6.67107964156318e-17
rs10282285	0.327879786491394	0.0475505664944649	6.89539180420828	5.37165444594305e-12
rs12113658	-0.331251531839371	0.0587540976703167	-5.63793071417933	1.72105724022826e-08
rs10276732	-0.606075167655945	0.0972242876887321	-6.2337835747002	4.55302007687953e-10
rs10242154	-0.6749387383461	0.078533947467804	-8.59422912139747	8.38256193675253e-18
rs12667039	0.505120635032654	0.0954575538635254	5.29157321331342	1.21268624878425e-07
rs11973602	0.660368144512177	0.128384470939636	5.14367617577884	2.69413764893353e-07
rs17168765	-0.781042575836182	0.117322199046612	-6.65724459806515	2.79008652685442e-11
rs7801671	-0.908648550510406	0.1599330753088	-5.68142986531073	1.33573287938031e-08
rs17161937	0.289839237928391	0.0433271415531635	6.68955365016986	2.23852308124027e-11
rs6943210	0.757483005523682	0.109397456049919	6.92413729600838	4.38640342728354e-12
rs4730767	-0.752784490585327	0.110658876597881	-6.80274835358072	1.02641854379254e-11
rs193569	-0.263048231601715	0.048745408654213	-5.39636939896656	6.80028692359665e-08
rs2192021	-0.683779537677765	0.111915655434132	-6.1097755718386	9.97713415955579e-10
rs989926	0.721103131771088	0.133858516812325	5.38705454791572	7.16217025929801e-08
rs17146770	0.67803430557251	0.12462205439806	5.44072482874319	5.30642242108481e-08
rs17148588	0.755005180835724	0.12462205439806	6.0583592886708	1.37516966993463e-09
rs1858789	-0.708477199077606	0.108541421592236	-6.52725188858484	6.69873418066125e-11
rs6962330	0.890160918235779	0.151837378740311	5.86259408335961	4.55691254228442e-09
rs10243337	-0.327718794345856	0.0639114379882812	-5.12770178017191	2.93300553261517e-07
rs7789623	0.773784518241882	0.10969740152359	7.05380900089491	1.74085298053936e-12
rs13437844	0.443206250667572	0.0760078802704811	5.83105658374344	5.50775023153337e-09
rs292552	0.730298042297363	0.0884099453687668	8.26036074619452	1.45232865463667e-16
rs3800759	0.724296271800995	0.0867123380303383	8.35286290570995	6.66279679171883e-17
rs17161201	-0.685105800628662	0.0617178604006767	-11.100608416768	1.24592820397712e-28
rs10256066	-0.643600702285767	0.111206851899624	-5.78741949162166	7.14759249655051e-09
rs11977370	-0.399883240461349	0.0766020640730858	-5.22026717295531	1.78665193002203e-07
rs801957	-0.75545060634613	0.125775545835495	-6.00633931920441	1.89758849845644e-09
rs4025737	0.532079100608826	0.0910164564847946	5.84596589626313	5.03637229100003e-09
rs10242980	-0.414451718330383	0.0820247977972031	-5.0527612314884	4.35468149985794e-07
rs10242980	-0.414451718330383	0.0820247977972031	-5.0527612314884	4.35468149985794e-07
rs4270992	-0.434894621372223	0.0441197752952576	-9.85713590927943	6.38445589838241e-23
rs17065999	0.496776014566422	0.0665098950266838	7.46920461033829	8.06810034172551e-14
rs1647319	-0.330349028110504	0.0613149777054787	-5.38773788188112	7.13500064091384e-08
rs4272382	0.371898800134659	0.0581023432314396	6.40075390166746	1.54611608083144e-10
rs11990446	0.701649785041809	0.106900259852409	6.56359288565375	5.25264894124585e-11
rs417900	-0.72280216217041	0.121051147580147	-5.97104758293884	2.35734971310213e-09
rs13259956	-0.642498433589935	0.0777570158243179	-8.26289983969522	1.42175533318731e-16
rs7828187	0.335286319255829	0.0577853582799435	5.80227118488253	6.54226384960032e-09
rs7016403	0.561754524707794	0.0798978731036186	7.03090711788111	2.05195071379204e-12
rs17128366	0.389808714389801	0.0573496632277966	6.79705324234347	1.06780644117537e-11
rs7008597	0.506756365299225	0.0964450091123581	5.25435551267205	1.4854370588338e-07
rs17052128	0.663139164447784	0.121076337993145	5.47703354296468	4.32515254171721e-08
rs17059271	-0.645842730998993	0.0897916927933693	-7.19267797395491	6.35326691808938e-13
rs16876177	0.747784554958344	0.107176274061203	6.97714640211622	3.01235760562468e-12
rs11996929	-0.544234275817871	0.0848214477300644	-6.41623422356384	1.39686481776851e-10
rs4469409	-0.28141525387764	0.0541410781443119	-5.19781399859703	2.01645742725337e-07
rs6468064	0.637706995010376	0.0774967148900032	8.22882616270277	1.89056908483e-16
rs16878853	0.312875092029572	0.0579515546560287	5.39890765462016	6.70478721410335e-08
rs16880401	-0.861247956752777	0.151172786951065	-5.69710973861694	1.21855499065056e-08
rs8175501	-0.288840532302856	0.0503651946783066	-5.7349233761081	9.75564399705156e-09
rs10094715	-0.646481156349182	0.0699232667684555	-9.24557999399463	2.3396832188067e-20
rs4313171	-0.262371629476547	0.0442451350390911	-5.92995431576237	3.03018975858721e-09
rs4872975	-0.63587611913681	0.0854137614369392	-7.444656556968	9.71969457515901e-14
rs10107397	-0.781390309333801	0.122794486582279	-6.36339896914042	1.97337214070251e-10
rs1369771	-0.343514442443848	0.0634993091225624	-5.40973511665801	6.31180355244568e-08
rs16924147	-0.653441429138184	0.108287431299686	-6.03432384807228	1.59629651246264e-09
rs13264257	-0.480532437562943	0.0674182549118996	-7.12763090932701	1.02111142937241e-12
rs16925642	0.298504590988159	0.0560647584497929	5.32428212021061	1.01352502395139e-07
rs1562987	0.29067724943161	0.0508850924670696	5.71242451057198	1.11377828049418e-08
rs7015769	0.769869387149811	0.120379261672497	6.39536558418436	1.60163683124306e-10
rs7828955	-0.749837696552277	0.13359197974205	-5.61289456148583	1.98969848218835e-08
rs6988750	0.681025505065918	0.0790366679430008	8.61657661931113	6.89856397832534e-18
rs16938847	-0.802720487117767	0.121088273823261	-6.62921736162007	3.37471338576933e-11
rs11988386	-0.607427597045898	0.118216723203659	-5.1382543906199	2.77302323693215e-07
rs6984437	-0.6545649766922	0.0553924962878227	-11.8168528331174	3.19428090022626e-32
rs11986650	-0.745626032352448	0.0794579982757568	-9.38390153958791	6.35756475141733e-21
rs16908391	0.457349002361298	0.0719071552157402	6.36027111612373	2.01397952565137e-10
rs10088788	-0.243907645344734	0.0486453697085381	-5.01399509976227	5.33113447570799e-07
rs16904347	0.679379761219025	0.109729208052158	6.19142134787023	5.96240881229585e-10
rs12541835	0.383325457572937	0.0638336315751076	6.00507049519673	1.91248790844052e-09
rs11991428	0.392886877059937	0.0631138682365417	6.22504828237517	4.81407733847036e-10
rs7826722	0.432375997304916	0.0747263506054878	5.78612489170805	7.20286702823402e-09
rs16875302	0.706259608268738	0.108432568609715	6.51335311266859	7.34914696648946e-11
rs16888338	-0.504815399646759	0.0631324797868729	-7.99612816336299	1.28392736968385e-15
rs6989773	0.60936313867569	0.121894985437393	4.99908291132015	5.76036312255541e-07
rs11562806	0.720595359802246	0.10167383402586	7.08732356467415	1.36730449569149e-12
rs7823522	0.645976781845093	0.0878049433231354	7.35695232405995	1.88156511457219e-13
rs11987295	-0.787007033824921	0.111151002347469	-7.08052124770463	1.43613242002869e-12
rs12542962	0.725816786289215	0.08767369389534	8.27861532965241	1.24615773309152e-16
rs11783167	-0.431674033403397	0.075855165719986	-5.69076646667534	1.2647038029673e-08
rs7012847	-0.511657357215881	0.0742556527256966	-6.89048359868257	5.56030375321172e-12
rs12541606	0.489590585231781	0.0537782311439514	9.10388041438672	8.71607383253231e-20
rs737437	-0.23334513604641	0.0419490486383438	-5.56258469788322	2.65807948531651e-08
rs7011650	0.370974123477936	0.0507692061364651	7.30706961382804	2.73031126381227e-13
rs7387717	-0.751418054103851	0.123063482344151	-6.10593849443075	1.02198360898463e-09
rs16893382	-0.411675125360489	0.0663307160139084	-6.2064025552531	5.4211208437412e-10
rs2317740	0.666690826416016	0.106760270893574	6.24474648514726	4.24488037882281e-10
rs16906513	0.283793419599533	0.0476253628730774	5.95887154405203	2.53985639545887e-09
rs1472491	-0.648499429225922	0.120461374521255	-5.38346363556973	7.30660142014913e-08
rs11988839	-0.766917765140533	0.151344731450081	-5.06735687322879	4.03377594802722e-07
rs6578126	-0.862916529178619	0.0800986960530281	-10.7731657530023	4.60876351714628e-27
rs6578126	-0.862916529178619	0.0800986960530281	-10.7731657530023	4.60876351714628e-27
rs10964975	0.63916152715683	0.102341920137405	6.2453540670205	4.22841161731824e-10
rs7850236	-0.556400120258331	0.0686564445495605	-8.10412079898321	5.31282992884143e-16
rs12006302	-0.782332062721252	0.0940546169877052	-8.31784858390863	8.95743426130255e-17
rs10114556	0.357442110776901	0.0645201280713081	5.5400093189811	3.02455551343116e-08
rs7865480	-0.732041478157043	0.0924538895487785	-7.91790893525166	2.41538156500128e-15
rs16927126	-0.405880689620972	0.0596092455089092	-6.8090224285813	9.82641608500943e-12
rs12342801	0.206737592816353	0.0417026504874229	4.95742094087528	7.14350953692149e-07
rs12003912	0.706281423568726	0.109052248299122	6.47654160812393	9.38487459614068e-11
rs16930968	0.521897792816162	0.0760105922818184	6.86611927560258	6.59719206080054e-12
rs13287746	0.256711810827255	0.0482382476329803	5.32174826872737	1.02774726060131e-07
rs2784631	-0.425056338310242	0.062086571007967	-6.84618801472702	7.58437872605421e-12
rs16933858	0.677436769008636	0.0936121419072151	7.23663357345339	4.59958647847111e-13
rs16923323	0.490865737199783	0.0857971385121346	5.72123669521167	1.05751448801343e-08
rs10811006	-0.585470616817474	0.105379730463028	-5.55581812787881	2.76314462960434e-08
rs6475396	-0.512317538261414	0.0670104771852493	-7.64533487569595	2.08402235613389e-14
rs2184198	-0.628191888332367	0.115203231573105	-5.4529016222408	4.95544871569411e-08
rs12003960	-0.608068525791168	0.0798769146203995	-7.61256902173679	2.6870061437826e-14
rs10965295	-0.64878785610199	0.063440665602684	-10.2266874084395	1.50582264562875e-24
rs7852654	0.675252735614777	0.126049518585205	5.35704335243716	8.45948282556828e-08
rs274960	0.855289280414581	0.0959752947092056	8.91155669806497	5.03209751193995e-19
rs7868327	0.753490090370178	0.0892092883586884	8.44631881089087	3.00632001621748e-17
rs1412382	0.754661381244659	0.110582776367664	6.82440255194509	8.82919823489999e-12
rs7852712	0.689634203910828	0.0930220410227776	7.41366450712431	1.22856479021068e-13
rs1571364	0.540978014469147	0.0804669111967087	6.72298720584262	1.78036222225576e-11
rs7039191	-0.604360699653625	0.0597989708185196	-10.1065401524679	5.16771033920413e-24
rs10491627	-0.329033970832825	0.0354832522571087	-9.27293722820761	1.81089006212246e-20
rs702252	-0.574458539485931	0.076169453561306	-7.54184929295272	4.63353055626316e-14
rs6476155	-0.322293937206268	0.0603628568351269	-5.33927574181207	9.33186215355363e-08
rs2240113	-0.827555477619171	0.137020319700241	-6.0396551360383	1.54443959955563e-09
rs1324467	-0.32144021987915	0.0616938322782516	-5.21024886943949	1.88587489756776e-07
rs7871124	-0.690743625164032	0.125589117407799	-5.50002770479807	3.79731579058599e-08
rs11142954	0.683869421482086	0.137277334928513	4.98166300968918	6.3040147735545e-07
rs12684875	-0.575856506824493	0.110637687146664	-5.20488561968151	1.94116132195297e-07
rs10481774	-0.733931422233582	0.101270921528339	-7.24720789696975	4.25450680996858e-13
rs7023229	-0.639579355716705	0.102418527007103	-6.24476229454412	4.24445106619759e-10
rs10121299	0.38735643029213	0.0743764415383339	5.2080527419759	1.90832688320944e-07
rs16908152	0.366821467876434	0.0473078191280365	7.75392894108367	8.90921936089161e-15
rs6477597	0.474526733160019	0.0693863853812218	6.83890262553497	7.98021027032489e-12
rs7040299	-0.669250965118408	0.0888266488909721	-7.53434890851125	4.90777395969989e-14
rs16921110	-0.77493292093277	0.139820158481598	-5.54235476020262	2.98430911417466e-08
rs843286	0.269026130437851	0.052090410143137	5.16459996568669	2.40953677422441e-07
rs16925815	-0.788201451301575	0.142141997814178	-5.54516936178138	2.93669777133616e-08
rs2417805	-0.420544177293777	0.0613090246915817	-6.85941718057573	6.914204917062e-12
rs10122187	-0.620282888412476	0.114562176167965	-5.41437766949408	6.15022329140009e-08
rs10124284	0.778878450393677	0.0979285761713982	7.95353594266964	1.81262159631869e-15
rs3827670	-0.418813526630402	0.0718658566474915	-5.82771215940165	5.6192389452178e-09
rs7047525	-0.243354588747025	0.0460399575531483	-5.28572574086537	1.2520736336496e-07
rs16907313	-0.626902937889099	0.108290739357471	-5.78907246925033	7.07761591024654e-09
rs887531	0.714477717876434	0.0847108438611031	8.43431236558018	3.33155796882906e-17
rs10124199	-0.521636843681335	0.0544863604009151	-9.57371422578217	1.03132529607688e-21
rs6597499	0.554663062095642	0.0950242504477501	5.83706853231774	5.31272475708787e-09
