SNP	beta	se	Z	P
rs12741399	-0.245594054460526	0.0458994135260582	-5.35070136181798	8.76140033747265e-08
rs4474255	-0.3736192882061	0.0750288739800453	-4.97967340287511	6.36916640683739e-07
rs10888337	-0.412081062793732	0.0694790109992027	-5.93101509171541	3.01067536458456e-09
rs10888337	-0.412081062793732	0.0694790109992027	-5.93101509171541	3.01067536458456e-09
rs16854524	-0.937018156051636	0.187203899025917	-5.00533461603763	5.57650739855153e-07
rs10011674	-0.256111204624176	0.042958602309227	-5.96181418521539	2.4945272169648e-09
rs10485402	-0.332199960947037	0.0618277937173843	-5.37298747009359	7.74427122732882e-08
rs4946667	0.176049828529358	0.0342524945735931	5.13976662783222	2.75079902406074e-07
rs6914727	0.175089284777641	0.0349051430821419	5.01614574005914	5.27183449951006e-07
rs10123653	-0.343933701515198	0.0628986954689026	-5.46805778643279	4.54993560263233e-08
rs10979624	0.330009192228317	0.0603485964238644	5.46838222898283	4.54161672212209e-08
