SNP	beta	se	Z	P
rs4669776	0.703834414482117	0.138606607913971	5.07792828260371	3.81572663942701e-07
rs2723218	0.378232479095459	0.0343419089913368	11.0137290035587	3.2813498732329e-28
rs2723222	-0.3533536195755	0.0333887860178947	-10.5830029096033	3.57319095383263e-26
rs2723224	0.373189479112625	0.0339417308568954	10.9950043704624	4.03893954734151e-28
rs2723225	-0.366309940814972	0.0334605015814304	-10.947532867178	6.82821030332329e-28
rs7593548	-0.355588436126709	0.0345490165054798	-10.2922882354787	7.634026913739e-25
rs10804178	-0.367595911026001	0.0335562191903591	-10.9546283787422	6.31369786955812e-28
rs17818273	-0.364537745714188	0.0334640927612782	-10.8933999291324	1.23925652329211e-27
rs1861072	0.306534647941589	0.0340249761939049	9.00910690413651	2.07741305629663e-19
rs17818393	0.371030539274216	0.0336584709584713	11.0233925876194	2.94736913654484e-28
rs7589926	-0.366948127746582	0.0335228852927685	-10.9461976360889	6.92958008517516e-28
rs2539862	0.297684341669083	0.035218421369791	8.45251803149885	2.85086511110389e-17
rs3738934	-0.477899610996246	0.0349265187978745	-13.6830015542611	1.28285853117211e-42
rs2723211	0.349817425012589	0.0338544771075249	10.3329738014129	4.99864040684883e-25
rs7570090	0.418891608715057	0.0346157588064671	12.1011823273046	1.04100930745393e-33
rs2075115	-0.357357233762741	0.0344416722655296	-10.3757224970867	3.19784182360169e-25
rs2075116	-0.349624902009964	0.0338677540421486	-10.3232384874076	5.53249572119776e-25
rs7585265	0.474392890930176	0.0359297506511211	13.2033449253947	8.39240625518921e-40
rs6435550	0.425459533929825	0.0341218635439873	12.4688246695951	1.10442995532131e-35
rs2041688	0.342572808265686	0.0331048630177975	10.3481113358335	4.2682244394414e-25
rs2723214	-0.348391324281693	0.0338319428265095	-10.2977037431237	7.2163284992549e-25
rs2539007	-0.344452410936356	0.0337487831711769	-10.2063653432855	1.85690848800839e-24
rs2539014	-0.339006721973419	0.033388264477253	-10.1534694085217	3.19788484213031e-24
rs10490029	-0.427710652351379	0.0339058488607407	-12.6146569610478	1.75319369571e-36
rs12468576	0.549491345882416	0.0514545664191246	10.6791560812411	1.27424751286539e-26
rs12470687	0.334445208311081	0.0430240668356419	7.77344479285767	7.63799513431422e-15
rs12612970	-0.428121626377106	0.0339052155613899	-12.6270138469385	1.49857957426008e-36
rs12613036	-0.48849081993103	0.0349547788500786	-13.9749366467507	2.21710813032088e-44
rs12151736	0.550107836723328	0.051426887512207	10.6968915159944	1.0524992263487e-26
rs12465936	-0.333923429250717	0.042984876781702	-7.76839331066463	7.94879165781664e-15
rs4673501	-0.333901196718216	0.0429834686219692	-7.76813057258847	7.96529298420595e-15
rs2098279	-0.245381847023964	0.0409927442669868	-5.98598243205641	2.15087584650328e-09
rs7584317	0.43453848361969	0.0338353589177132	12.8427330910388	9.44791159533901e-38
rs1396828	0.329896599054337	0.0332388654351234	9.92502586161489	3.24018724787836e-23
rs7601356	-0.493509978055954	0.0346971526741982	-14.2233566739597	6.56279464075947e-46
rs2286963	-0.492075711488724	0.0342202596366405	-14.3796603741091	6.94344456432015e-47
rs3764913	-0.441697508096695	0.0339652225375175	-13.0044049500574	1.15494393325787e-38
rs7558218	0.492835581302643	0.0349841974675655	14.0873770724499	4.54117275933238e-45
rs12476559	0.353761374950409	0.0335311964154243	10.5502162991023	5.06802879442555e-26
rs1995834	-0.352180451154709	0.0347098335623741	-10.1464171679716	3.43752375997264e-24
rs1509569	0.425194323062897	0.033248208463192	12.7884882439189	1.90136519508954e-37
rs7557847	-0.49159237742424	0.0351580418646336	-13.982359407756	1.99754281574132e-44
rs10932321	0.320094048976898	0.033675741404295	9.50518193895126	1.99698616907752e-21
rs7563494	0.31923234462738	0.034156147390604	9.34626323562468	9.07990207291838e-21
rs4672564	-0.411317437887192	0.0344115197658539	-11.9528995140557	6.2698886596914e-33
rs2102470	0.398176342248917	0.035701759159565	11.1528493727525	6.93494272970553e-29
rs13001183	-0.360712438821793	0.0334209688007832	-10.7929976827404	3.71471317458785e-27
rs7582804	0.360810816287994	0.0334077179431915	10.8002233765724	3.43367195403807e-27
rs7596691	0.286694377660751	0.0344366244971752	8.32527525118695	8.41330169659354e-17
rs7583039	0.357468962669373	0.0334362871944904	10.691048338892	1.12096682338245e-26
rs12999760	0.360821783542633	0.0334081426262856	10.800414365411	3.42653688314464e-27
rs2048274	-0.361802101135254	0.0334482491016388	-10.8167725023767	2.86696239806435e-27
rs2048275	0.361931174993515	0.0334353782236576	10.8247967937574	2.6266113016605e-27
rs2048276	0.361944675445557	0.0334356166422367	10.8251233802083	2.61726420621621e-27
rs6734950	0.362101197242737	0.0334386639297009	10.8288177423594	2.51379910202625e-27
rs867342	-0.362349510192871	0.033457700163126	-10.8300782309066	2.47943400630522e-27
rs11889646	0.356028616428375	0.033830214291811	10.5239834828524	6.69804952335185e-26
rs13020232	-0.30498194694519	0.0601020380854607	-5.0744027434066	3.88714981151438e-07
rs6736750	0.36624750494957	0.036191564053297	10.1196926557311	4.51832184413034e-24
rs2136457	0.362827271223068	0.0334790423512459	10.8374447338266	2.2877173704711e-27
rs1995836	-0.362765729427338	0.0334968268871307	-10.8298535455223	2.48552536820573e-27
rs6735154	0.365427404642105	0.0336488969624043	10.8600114009798	1.7872689266583e-27
rs2063311	0.361982583999634	0.033577673137188	10.780454694424	4.25775866210984e-27
rs12469767	-0.363646268844604	0.0336791202425957	-10.797380282656	3.54164455340462e-27
rs1472955	-0.288423717021942	0.0352317541837692	-8.18647052081259	2.68998517902882e-16
rs11904281	0.279404819011688	0.0340289957821369	8.21078649515594	2.19744319421425e-16
rs6725084	-0.34796205163002	0.0340559184551239	-10.2173738784504	1.65770979853226e-24
rs1074158	-0.287380278110504	0.0352809391915798	-8.14548265141112	3.77772005304917e-16
rs925274	-0.198593825101852	0.0350850000977516	-5.66036267774099	1.51053419797075e-08
rs10932323	0.19925919175148	0.0356841571629047	5.58396800131289	2.3509197849705e-08
rs1396829	-0.201627746224403	0.0357642248272896	-5.63769373439775	1.72342666135247e-08
rs977471	0.208870589733124	0.035871010273695	5.82282428455307	5.78613813187211e-09
rs1813823	0.186181724071503	0.0342279300093651	5.43946782702202	5.3439958282681e-08
rs1551610	0.226854711771011	0.0353248007595539	6.4219671984889	1.3452441440117e-10
rs4673516	0.210969179868698	0.0345007181167603	6.11492140988828	9.66045602810485e-10
rs1458288	-0.164004355669022	0.0330966524779797	-4.95531551954203	7.221300964487e-07
rs17770211	0.191934198141098	0.0344085916876793	5.57808932964333	2.43174776149228e-08
rs1509821	0.33832260966301	0.0582435503602028	5.80875663606836	6.29384970147026e-09
rs4420657	0.278899937868118	0.0547620952129364	5.09293767493092	3.52557620612295e-07
rs10440713	-0.811678230762482	0.161449804902077	-5.02743395233449	4.9708661020494e-07
