SNP	beta	se	Z	P
rs2137949	0.311080276966095	0.0565801896154881	5.4980423197617	3.84030778959155e-08
rs7302925	0.21585975587368	0.043198499828577	4.99692713242979	5.82510666304221e-07
rs1043011	-0.221738755702972	0.0426532849669456	-5.19863255256447	2.00759937890536e-07
rs2657879	-0.235676407814026	0.0425245724618435	-5.54212292258774	2.98826405517004e-08
rs2694917	0.232198864221573	0.0439286604523659	5.28581709140342	1.25144890415426e-07
rs774211	0.238342106342316	0.0477836541831493	4.98794222452678	6.10258116153484e-07
rs2657896	-0.239620164036751	0.0481961332261562	-4.9717715508909	6.63438548206705e-07
rs11115141	-0.363100349903107	0.0591913312673569	-6.1343501173009	8.55080165582058e-10
rs9901735	0.255576282739639	0.0511958375573158	4.99213012099882	5.97169998872186e-07
rs867514	0.295187890529633	0.0545006655156612	5.41622543021623	6.08703478218434e-08
rs4287688	-0.269306033849716	0.0524863377213478	-5.13097399326036	2.88246737973778e-07
rs3912913	-0.302841991186142	0.0591165758669376	-5.12279317171199	3.01042508110464e-07
rs17041554	-0.25708857178688	0.0481224246323109	-5.34238608613795	9.17310169819096e-08
rs2376105	0.273162484169006	0.0502026900649071	5.44119217149189	5.29251833724593e-08
rs10496822	-0.251545041799545	0.0480644665658474	-5.23349284351119	1.66336449635244e-07
rs13391565	0.327712595462799	0.0610770545899868	5.3655599089175	8.06984886429972e-08
rs2943653	-0.350882947444916	0.0571899116039276	-6.1353993668495	8.49455242310216e-10
rs16895955	-0.322530210018158	0.0540010556578636	-5.97266490606451	2.33409013169525e-09
rs16992950	-0.346196174621582	0.068181000649929	-5.07760477730598	3.82222732829601e-07
rs17031772	0.34454745054245	0.0575074255466461	5.99135585130614	2.08098729714052e-09
rs1912043	0.2952541410923	0.0529910512268543	5.57177361566804	2.5215895062504e-08
rs13356428	0.341525584459305	0.0583292655646801	5.85513260201424	4.766295712395e-09
rs1390315	-0.249902650713921	0.0498879738152027	-5.00927641678978	5.46350565156926e-07
rs17168937	-0.365466296672821	0.0575876086950302	-6.34626623599255	2.20603334944491e-10
rs16888146	0.332714736461639	0.0599576868116856	5.54915898451229	2.8704706129345e-08
rs17161201	-0.304315537214279	0.0617183484137058	-4.93071420470318	8.19295234017352e-07
rs12541606	0.290830135345459	0.0537786558270454	5.40791008761509	6.37644192538208e-08
rs10124199	-0.277613252401352	0.0544867888092995	-5.09505622313295	3.48637774263287e-07
