SNP	beta	se	Z	P
rs2137949	0.30906954407692	0.0565801858901978	5.46250492489924	4.69462505232058e-08
rs194330	-0.232219696044922	0.0452465862035751	-5.13231418167352	2.86201230745892e-07
rs17131936	-0.280627101659775	0.0560222342610359	-5.00920938554845	5.4654086877519e-07
rs6938691	0.175280898809433	0.0341970548033714	5.12561388158352	2.96569839352317e-07
rs7743034	0.176248133182526	0.0349740162491798	5.03940216436136	4.66988273795129e-07
rs13214330	-0.176006242632866	0.0349478684365749	-5.03625115083315	4.74737590956978e-07
rs2179537	-0.176569074392319	0.0349724628031254	-5.04880297925542	4.44586946559815e-07
rs11756272	0.176726415753365	0.0349927768111229	5.05036844338659	4.4095871219761e-07
rs12523684	0.176772579550743	0.0350064970552921	5.04970775200769	4.42486481666795e-07
rs12541606	0.286217331886292	0.0537786521017551	5.32213658580988	1.02555521357985e-07
rs7039191	-0.295342326164246	0.0597994402050972	-4.93888111914251	7.85720920753874e-07
