SNP	beta	se	Z	P
rs1904672	0.482178270816803	0.0899478420615196	5.36064301005708	8.29262485574473e-08
rs17095224	-0.400049865245819	0.0589063353836536	-6.79128760328269	1.11137114835557e-11
rs7116837	-0.295673221349716	0.0558359585702419	-5.29539080049566	1.18762147505413e-07
rs17243943	-0.342380583286285	0.0580245032906532	-5.90062066660443	3.62136650039544e-09
rs642302	0.28701975941658	0.0555336624383926	5.1683924094686	2.36116149730421e-07
rs7120625	0.622391819953918	0.0761692002415657	8.17117441144245	3.05401742947975e-16
rs17095079	0.586639583110809	0.0617441385984421	9.50113802584673	2.07608866607113e-21
rs12424392	-0.414801567792892	0.0643709823489189	-6.4439216655804	1.16425192480359e-10
rs11178610	0.44729295372963	0.0493184477090836	9.0694856490231	1.19580157193474e-19
rs17112102	0.327390789985657	0.0594181641936302	5.50994455026859	3.58946754792065e-08
rs11115141	0.357311457395554	0.0591913275420666	6.0365508298765	1.57443173326629e-09
rs16947962	-0.411202102899551	0.0570198744535446	-7.2115574935993	5.53154829844734e-13
rs17086569	-0.315973222255707	0.0644603967666626	-4.90181938220897	9.49531196486429e-07
rs1538142	-0.437615990638733	0.0655670613050461	-6.67432674163565	2.48369706024332e-11
rs11838885	-0.511214256286621	0.0640707761049271	-7.97889907638107	1.4764423162158e-15
rs16951661	-0.489543706178665	0.0586753450334072	-8.34326080059589	7.22695408648095e-17
rs7996217	0.374786913394928	0.0598269402980804	6.2645174820507	3.73981605355615e-10
rs6492004	0.322286814451218	0.0520280674099922	6.19447983549974	5.84778263796354e-10
rs16970067	0.484398633241653	0.0592413954436779	8.17669181513763	2.9174293406536e-16
rs17112981	0.470009922981262	0.0713599696755409	6.58646472410653	4.50422508307594e-11
rs17110341	0.542320787906647	0.0781914591789246	6.93580595120575	4.03911717311678e-12
rs9302171	0.616545081138611	0.0936941877007484	6.58039838189115	4.69189410891227e-11
rs16972374	-0.295636415481567	0.0585835501551628	-5.0464066226535	4.50196759922746e-07
rs16978053	0.319132655858994	0.0605386942625046	5.27154838317438	1.35277615282609e-07
rs8036863	0.407164812088013	0.0578227415680885	7.04160337345058	1.90040144338414e-12
rs3380	0.35593393445015	0.0568388104438782	6.26216368130353	3.79672099276017e-10
rs13339024	0.347466588020325	0.0662035644054413	5.24845740770668	1.53378090917038e-07
rs375832	-0.422419518232346	0.0512158237397671	-8.24783216176905	1.61293684379225e-16
rs6502875	-0.490204960107803	0.058801107108593	-8.3366620836322	7.64170428448687e-17
rs2071600	0.369869887828827	0.0614209435880184	6.02188547134237	1.72396870349939e-09
rs6506090	-0.345406353473663	0.0609936974942684	-5.66298433549009	1.4876274466813e-08
rs1112963	-0.349094092845917	0.0576185844838619	-6.05870650889893	1.37220499265362e-09
rs1501039	-0.4330994784832	0.0812459886074066	-5.33071830261067	9.78250610204877e-08
rs11875389	0.344350665807724	0.0546782687306404	6.29776095333388	3.01975720437106e-10
rs867514	-0.268175691366196	0.0545006617903709	-4.9205951369489	8.628144689349e-07
rs4575606	-0.285025179386139	0.0509679839015007	-5.59223962903792	2.24159154323863e-08
rs8106149	0.420899271965027	0.0688606947660446	6.11232973171473	9.81870452412812e-10
rs17001074	-0.342030882835388	0.0529148690402508	-6.46379531952002	1.02108966224001e-10
rs11121229	0.443572491407394	0.0718554258346558	6.17312452406982	6.69534368998518e-10
rs12741399	-0.323765486478806	0.0458994284272194	-7.05380214030739	1.74093885928198e-12
rs2297595	0.675908386707306	0.0856388136744499	7.89254728909167	2.96080081691782e-15
rs4474255	-0.490453958511353	0.0750289037823677	-6.53686691110384	6.28209028511131e-11
rs12022688	-0.553607225418091	0.0833639800548553	-6.6408444636857	3.11891024773644e-11
rs12062308	0.530631542205811	0.063819907605648	8.31451442212446	9.21286996062065e-17
rs16837115	0.418986827135086	0.0531863272190094	7.87771686903275	3.33417165359179e-15
rs10888337	-0.385219126939774	0.0694790333509445	-5.54439387482551	2.94974172130693e-08
rs10888337	-0.385219126939774	0.0694790333509445	-5.54439387482551	2.94974172130693e-08
rs17742796	0.275992810726166	0.0545579604804516	5.05870835888478	4.22105860099865e-07
rs6093591	-0.481236636638641	0.0786046609282494	-6.12224047474634	9.22686268446427e-10
rs2178907	-0.779773056507111	0.128627181053162	-6.06227276476524	1.34211350385561e-09
rs5763001	0.327519237995148	0.0560145266354084	5.84704107430792	5.00393979601735e-09
rs17824359	-0.291674584150314	0.0583917014300823	-4.99513761385361	5.87938278517382e-07
rs17048832	-0.683694899082184	0.0785393640398979	-8.70512395204611	3.1722787021363e-18
rs2376105	-0.293808460235596	0.0502026863396168	-5.8524449916486	4.84398483974973e-09
rs7582005	0.382096916437149	0.0747235268354416	5.11347540217975	3.16284958712553e-07
rs17043028	0.416248798370361	0.0543602854013443	7.6572224611622	1.89997359576926e-14
rs4684510	-0.608559668064117	0.0992733091115952	-6.13014387764613	8.77996361463442e-10
rs28689520	-0.294065415859222	0.0550892241299152	-5.33798434274073	9.39855729579114e-08
rs259500	0.56558096408844	0.102010749280453	5.54432712314971	2.9508671306715e-08
rs17019022	-0.533100366592407	0.0640940070152283	-8.31747602339398	8.98562650023375e-17
rs4325942	-0.395714521408081	0.0565358549356461	-6.99935504395426	2.57143471161081e-12
rs6786776	0.393907427787781	0.0519720762968063	7.57921283610497	3.47657783721756e-14
rs4698237	-0.364445239305496	0.0708073303103447	-5.14699873174362	2.64687115764665e-07
rs16870624	-0.461014688014984	0.0655371099710464	-7.03440673869591	2.00110593796995e-12
rs10011674	-0.334688633680344	0.0429586172103882	-7.79095453750802	6.65048421509014e-15
rs16856644	-0.2619948387146	0.0522137694060802	-5.01773462622469	5.22843292645122e-07
rs17014449	-0.356260597705841	0.0565221831202507	-6.30302260172609	2.91896305641236e-10
rs17031772	-0.295424282550812	0.0575074218213558	-5.13715053108335	2.78935521463068e-07
rs17043337	-0.425437539815903	0.0584062375128269	-7.28411138831654	3.23797405377303e-13
rs1912043	-0.261996537446976	0.052991047501564	-4.94416603935303	7.64705082864117e-07
rs17283682	-0.559791028499603	0.0704267248511314	-7.94855972193644	1.88692369045614e-15
rs6836377	-0.279617995023727	0.0482996329665184	-5.78923643617664	7.07071102379943e-09
rs10475171	0.351013779640198	0.0519776307046413	6.75317006338372	1.4464922082203e-11
rs13356428	-0.316515058279037	0.0583292618393898	-5.42635117088511	5.75177422289101e-08
rs6893203	0.333079606294632	0.0543636977672577	6.12687546974113	8.96215604286091e-10
rs10065849	-0.332758337259293	0.0583027973771095	-5.70741632012907	1.14703981152739e-08
rs10461690	-0.559625148773193	0.0696024596691132	-8.040307072963	8.96136180095527e-16
rs12515658	0.273908346891403	0.0486289337277412	5.63262086775198	1.77491367096501e-08
rs10042385	0.362388432025909	0.0600842423737049	6.03133896191897	1.62606712796227e-09
rs703253	0.397498428821564	0.0535065345466137	7.42896979200311	1.09446735414691e-13
rs7718064	-0.269895941019058	0.050423976033926	-5.35253191532274	8.67319995406255e-08
rs17059516	-0.348097085952759	0.05722825974226	-6.08260826941952	1.18242996547899e-09
rs9350359	-0.372282743453979	0.072972483932972	-5.10168660006058	3.36639880490435e-07
rs29265	-0.347826838493347	0.0557402260601521	-6.24014043498836	4.37178219107054e-10
rs6903983	-0.617508888244629	0.0778126493096352	-7.93584197072398	2.09072080731192e-15
rs10485402	-0.356443017721176	0.0618278160691261	-5.76509151354558	8.16135443148542e-09
rs9294586	0.272944867610931	0.0545079633593559	5.00743103923148	5.51613048245131e-07
rs9499091	-0.488553702831268	0.082204170525074	-5.94317416878805	2.79555125757865e-09
rs12183158	-0.408088833093643	0.0556309409439564	-7.33564498764741	2.20656216078453e-13
rs362938	0.392413467168808	0.0532026365399361	7.37582745310463	1.63327434130234e-13
rs11976947	0.318860054016113	0.0517735593020916	6.15874315605015	7.33245347624498e-10
rs17142989	-0.57382208108902	0.0612337291240692	-9.37101315398195	7.18395792310451e-21
rs7811441	-0.343687623739243	0.0607051886618137	-5.66158562909529	1.49980633660315e-08
rs17161201	0.373201191425323	0.0617183409631252	6.04684418928725	1.47710479763362e-09
rs6982012	0.569060623645782	0.0646621882915497	8.80051601532559	1.36188479016935e-18
rs17065999	-0.573374688625336	0.0665104165673256	-8.62082540176145	6.64732003662587e-18
rs1840420	0.345826923847198	0.0583572722971439	5.92602961437804	3.10346642989198e-09
rs4469409	0.29765123128891	0.0541415028274059	5.49765366206721	3.84877894595671e-08
rs7845666	-0.490626573562622	0.0599225722253323	-8.18767545087474	2.66319826147502e-16
rs7459977	0.543428540229797	0.0724038109183311	7.50552399572952	6.11833616067497e-14
rs6988356	0.467199623584747	0.0599935688078403	7.78749510770379	6.83506863293564e-15
rs6984437	0.363064676523209	0.0553929321467876	6.55435021134306	5.58846770417004e-11
rs7007081	-0.834898233413696	0.0985451564192772	-8.47224017648801	2.40718164170506e-17
rs7011650	-0.451393246650696	0.0507696010172367	-8.891014260629	6.05536054022655e-19
rs16893382	0.574275374412537	0.0663312375545502	8.65769124147968	4.81415419464467e-18
rs7820672	-0.360443860292435	0.0669358372688293	-5.38491598819944	7.24784933578618e-08
rs10816237	0.4559645652771	0.084780290722847	5.37819063121264	7.52381296565463e-08
rs12005579	0.398202627897263	0.0633766055107117	6.28311700647899	3.31851104650227e-10
rs7039191	0.299088716506958	0.0597994402050972	5.00153037354795	5.68770038572914e-07
rs10491627	0.296539455652237	0.0354835316538811	8.35710093755006	6.42782998941973e-17
rs10123653	-0.600041210651398	0.0628987178206444	-9.53980035590574	1.43107542676864e-21
rs12340673	0.303457051515579	0.0479280240833759	6.33151600382447	2.42763984176689e-10
rs10979624	0.521532773971558	0.0603486187756062	8.64200017420066	5.5237345153905e-18
rs12235555	-0.268297076225281	0.0513119474053383	-5.22874476203116	1.70664783346616e-07
