SNP	beta	se	Z	P
rs10873201	-0.172165781259537	0.034466665238142	-4.99513892829447	5.87934273982641e-07
rs1077989	-0.176006615161896	0.0346435382962227	-5.08050343059463	3.76435936445486e-07
rs1077835	0.217565611004829	0.0411061495542526	5.29277525051774	1.20473944616574e-07
rs1077834	-0.21754315495491	0.0410827957093716	-5.29523736636271	1.1886191226239e-07
rs1800588	0.231190890073776	0.0417256541550159	5.5407373414656	3.0120070479959e-08
rs2070895	-0.217646479606628	0.0409504026174545	-5.31488009140744	1.06727583556202e-07
rs261334	0.205224320292473	0.041597206145525	4.93360827105815	8.07242606782443e-07
rs261332	-0.229621201753616	0.0417527817189693	-5.49954260051836	3.80777706108559e-08
rs588136	-0.20677125453949	0.0418273508548737	-4.94344610197557	7.67535769848574e-07
