SNP	beta	se	Z	P
rs1980615	-0.294980973005295	0.0361491851508617	-8.16010020071679	3.34746777902187e-16
rs12898179	0.207761242985725	0.0412980988621712	5.03077014947129	4.88513519343741e-07
rs12897380	0.19789132475853	0.0347327031195164	5.69755034837281	1.21541094897238e-08
rs10873201	-0.286531537771225	0.0344666689634323	-8.31329357865197	9.30818633218302e-17
rs10873202	-0.21042263507843	0.0354987531900406	-5.9276063571006	3.0738226163988e-09
rs1077989	-0.296401232481003	0.0346435382962227	-8.55574364103913	1.17111298509519e-17
rs7155830	0.192500203847885	0.0344164371490479	5.59326356223978	2.2284061874907e-08
rs7156144	0.246461257338524	0.0345122516155243	7.14126855831281	9.24734755405145e-13
rs7155911	-0.248186036944389	0.0343628711998463	-7.22250581160689	5.1038222640736e-13
rs12878981	-0.192382916808128	0.033711913973093	-5.70667441076403	1.15204852214848e-08
rs7161368	-0.19717726111412	0.0341150499880314	-5.77977347778461	7.48012706624402e-09
rs1555397	0.197534441947937	0.034156896173954	5.78314964398214	7.33147896160096e-09
rs8019974	0.198978006839752	0.0343821309506893	5.78725056702057	7.15478146967191e-09
rs10130096	-0.259457975625992	0.0358921959996223	-7.22881307203166	4.87233520482072e-13
rs4902477	0.193655759096146	0.0348145216703415	5.56249949173139	2.65937806417265e-08
rs12887115	0.177522033452988	0.0351737998425961	5.04699618032186	4.48810319932188e-07
rs12882704	0.189196050167084	0.0353602468967438	5.35052967021297	8.76971724770404e-08
rs1393224	-0.231812387704849	0.0447715483605862	-5.1776718963984	2.24671903883475e-07
rs12655684	-0.222715243697166	0.0427034720778465	-5.21538958919233	1.83431294438891e-07
rs884948	0.203463271260262	0.0399366393685341	5.09465179036997	3.49382812990963e-07
