SNP	beta	se	Z	P
rs12199131	0.202608540654182	0.0366072133183479	5.53466167698246	3.11829675546527e-08
rs12214825	-0.21606482565403	0.037250928580761	-5.80025341343091	6.6214777309236e-09
rs9393800	-0.23497448861599	0.0387034080922604	-6.07115755945478	1.26991515519781e-09
rs12207488	0.232886224985123	0.038314662873745	6.07825327218806	1.21498746382382e-09
rs9379969	0.232790157198906	0.0383138135075569	6.07588062600428	1.23309118353107e-09
rs9393804	0.218796968460083	0.0363946706056595	6.01178592411987	1.83490529349393e-09
rs7759825	0.215531349182129	0.0369567014276981	5.83199638646846	5.47681054130776e-09
rs7744622	-0.234487920999527	0.0391058102250099	-5.99624249313115	2.01935412097173e-09
rs9368506	-0.259043335914612	0.0388940647244453	-6.6602279229458	2.73403256345173e-11
rs6918936	0.182991623878479	0.0334470123052597	5.47109027880803	4.47275367980399e-08
rs6920247	-0.18291799724102	0.0334502123296261	-5.46836580403448	4.5420375120052e-08
rs4711146	0.182999581098557	0.0334429331123829	5.47199554786652	4.44996015773281e-08
rs9791208	0.265054017305374	0.0380544625222683	6.96512313504027	3.28116635240953e-12
rs2295600	-0.182790488004684	0.0334537923336029	-5.46396911243688	4.65604585838793e-08
rs7774711	-0.182055860757828	0.033473763614893	-5.43876281294012	5.3651823401926e-08
rs9295733	0.182039156556129	0.0334710516035557	5.43870442770285	5.36694053128362e-08
rs2327325	0.264248490333557	0.0383110493421555	6.8974485134447	5.29448221314084e-12
rs9348766	-0.253163188695908	0.0381875447928905	-6.62947016020365	3.368939281065e-11
rs4713103	-0.180759966373444	0.0334902890026569	-5.39738448835433	6.76193798304178e-08
rs17674802	0.252120196819305	0.0381156541407108	6.61461025668241	3.72531914066847e-11
rs17606561	0.292391061782837	0.0401935651898384	7.27457393744107	3.47515499995467e-13
rs1225737	-0.190311416983604	0.0332753360271454	-5.71929361820273	1.06967811925351e-08
rs3734398	0.2009157538414	0.0334526263177395	6.00597848231895	1.90181414822515e-09
rs4532436	-0.196655184030533	0.0330190137028694	-5.95581642141671	2.58776686099094e-09
rs2281591	-0.295067012310028	0.0402945876121521	-7.32274555456776	2.42948195145315e-13
rs3798707	-0.192822679877281	0.0330995507538319	-5.82553767304404	5.69290149293507e-09
rs2295601	0.280996084213257	0.0402090959250927	6.98837110729217	2.78095994000041e-12
rs2295602	0.197300404310226	0.0329973697662354	5.97927670320299	2.2413056241552e-09
rs3798713	0.174966365098953	0.0334773510694504	5.22641008053405	1.72832810948361e-07
rs953413	0.167671725153923	0.0331924185156822	5.0515067190631	4.38338514277945e-07
rs7743830	-0.16763810813427	0.033206932246685	-5.04828651104936	4.45790256335807e-07
rs1570069	-0.167580142617226	0.0332136452198029	-5.04552094502744	4.52287341937416e-07
rs3756963	0.279829949140549	0.040158960968256	6.96805749933976	3.21346898251044e-12
rs2180725	0.280678182840347	0.0400532372295856	7.00762790361979	2.42392402801603e-12
rs9295757	-0.281566202640533	0.0403412729501724	-6.97960629522797	2.9600840060262e-12
rs3798719	-0.289227277040482	0.0393519550561905	-7.34975623517296	1.98568650680795e-13
rs7744440	0.275713622570038	0.0387989468872547	7.10621407769727	1.19269367473444e-12
rs3798720	-0.194471344351768	0.0330717191100121	-5.88029136631406	4.09544923139874e-09
rs3798721	-0.281971275806427	0.0391267016530037	-7.20662013136445	5.73577223160953e-13
rs3798722	-0.275783538818359	0.0390990115702152	-7.05346574613781	1.74515484071717e-12
rs3798723	0.288603454828262	0.0392417050898075	7.35450853034474	1.91630868897313e-13
rs9393903	0.286179691553116	0.0393084958195686	7.28035213727638	3.32949936103148e-13
rs9295763	0.195640072226524	0.033374547958374	5.86195421944092	4.57451161454392e-09
rs9295764	-0.195653319358826	0.0333859808743	-5.8603436003714	4.6191040143966e-09
rs17675322	0.193980574607849	0.0334094576537609	5.80615754431478	6.39228178736467e-09
rs9368564	-0.294504672288895	0.0399521999061108	-7.37142567821027	1.68812868755618e-13
rs6900220	0.19519716501236	0.0334290154278278	5.83915387618234	5.24665949803996e-09
rs9393915	-0.289699524641037	0.0401928462088108	-7.20773848997862	5.68887480564986e-13
rs4713165	0.187554106116295	0.0331758297979832	5.65333579471452	1.57363444939154e-08
rs4711171	-0.19600984454155	0.033019170165062	-5.93624381114673	2.91626030255232e-09
rs1321535	0.189881563186646	0.0332498736679554	5.71074540261019	1.12482412644487e-08
rs12665478	0.190049394965172	0.0332352705299854	5.71830443786237	1.07592249329229e-08
rs12526913	-0.190080657601357	0.0332477428019047	-5.7170996158713	1.08357600741577e-08
rs4713169	0.190011844038963	0.0332418605685234	5.71604118389464	1.09034323066278e-08
