SNP	beta	se	Z	P
rs12824935	-0.252617299556732	0.050796415656805	-4.97313238129805	6.58796401714605e-07
rs12812815	0.264630883932114	0.0503364130854607	5.25724555468079	1.46229006359874e-07
rs4509845	0.246886819601059	0.0488756336271763	5.05132724179728	4.38750653425947e-07
rs4509846	0.264635235071182	0.0503135398030281	5.25972205706852	1.44273308121468e-07
rs12369733	0.264678806066513	0.0503124222159386	5.26070489968707	1.43504188613948e-07
rs1038681	0.264704197645187	0.0503129102289677	5.26115854639598	1.43150528310479e-07
rs1038680	-0.263973742723465	0.0501755625009537	-5.26100216053278	1.43272350488586e-07
rs5747922	0.327251106500626	0.0419810637831688	7.7952075771798	6.43026844875412e-15
rs5747923	-0.327163130044937	0.0419696494936943	-7.79523141107222	6.42905481992639e-15
rs3810600	0.250328063964844	0.0391797572374344	6.38921937284664	1.6673471914059e-10
rs416659	-0.257653146982193	0.0373231321573257	-6.90330988021383	5.08046364576961e-12
rs5746636	-0.309330880641937	0.0396079011261463	-7.8098276315313	5.72662486260891e-15
rs2241305	0.597037553787231	0.0764788016676903	7.80657568853434	5.87626862421987e-15
rs5747934	0.816969394683838	0.0944659188389778	8.6482977641535	5.227328901536e-18
rs2238732	0.816961050033569	0.0944655239582062	8.64824557999606	5.22971930590844e-18
rs759404	0.584452450275421	0.0754878297448158	7.74234008649002	9.76034943686131e-15
rs2540641	-0.590156257152557	0.0607114136219025	-9.72068054333115	2.46130916761795e-22
rs7288481	0.192328095436096	0.0377503745257854	5.09473343912724	3.49232277422437e-07
rs2019061	0.185893461108208	0.0348223559558392	5.33833670943899	9.38031345114978e-08
rs9680846	-0.193178489804268	0.0387999638915062	-4.97883169026756	6.39692402678527e-07
rs2540647	-0.542540192604065	0.0606995187699795	-8.93813004778536	3.95811107962065e-19
rs2078743	-0.535816192626953	0.0602818205952644	-8.88852040857315	6.19280123700537e-19
rs2540648	0.532685160636902	0.0601623542606831	8.85412758830515	8.43408680150768e-19
rs2023634	0.496518105268478	0.0565280318260193	8.78357319774816	1.58361748329629e-18
rs2540653	-0.498637825250626	0.0576819032430649	-8.64461464021781	5.39871876624664e-18
rs2518802	0.526506543159485	0.0564920045435429	9.32001877812044	1.16319713117456e-20
rs2518803	-0.526258647441864	0.0564795099198818	-9.3176914634773	1.18899042652607e-20
rs2518804	0.526549935340881	0.0565117858350277	9.31752425729412	1.19086517572319e-20
rs2518805	0.526585638523102	0.0565238147974014	9.31617302212431	1.20612314377793e-20
rs5747998	-0.27028501033783	0.0498897954821587	-5.41764117743252	6.03904606094639e-08
