SNP	beta	se	Z	P
rs7334530	0.187593415379524	0.036663580685854	5.11661468602557	3.11068173586301e-07
rs7334530	0.187593415379524	0.036663580685854	5.11661468602557	3.11068173586301e-07
rs1656631	-0.184063300490379	0.0351001843810081	-5.24394112841104	1.57182371324988e-07
rs677277	0.206620946526527	0.0356053896248341	5.80308062076121	6.51074663664566e-09
rs629735	-0.21399000287056	0.03544657304883	-6.03697295577134	1.57032028233158e-09
rs541503	0.212042257189751	0.0351616330444813	6.0305008280334	1.63452333478135e-09
rs539708	-0.215063229203224	0.0354497656226158	-6.06670383924966	1.30561991222321e-09
rs662243	0.211275726556778	0.0360025353729725	5.86835689120342	4.40135056979874e-09
rs1163251	0.216139286756516	0.0356585346162319	6.06136200162663	1.34973664348026e-09
rs594400	-0.221925392746925	0.0362720638513565	-6.1183558138952	9.45457737689729e-10
rs612430	0.216613948345184	0.0359009839594364	6.03364934481825	1.60297705534128e-09
rs514491	0.216615825891495	0.0359020829200745	6.03351695147401	1.60429152568038e-09
rs511059	0.21660703420639	0.0359023436903954	6.03322825034224	1.60716154529599e-09
rs627707	0.216612040996552	0.035902377218008	6.03336207185476	1.60583058474916e-09
rs487884	0.216609999537468	0.0359027795493603	6.03323760043886	1.60706851628455e-09
rs487081	-0.216833055019379	0.0359240882098675	-6.03586801570708	1.58110447305462e-09
rs639216	0.216613307595253	0.0359026901423931	6.03334476431004	1.60600266144247e-09
rs839605	-0.216830804944038	0.0359242968261242	-6.03577033096883	1.5820613389853e-09
rs606312	-0.216849774122238	0.0359304584562778	-6.03526321229975	1.587037871031e-09
rs866321	-0.188576474785805	0.0374510176479816	-5.0352830611525	4.77143227234303e-07
rs2764886	0.174793556332588	0.0349599197506905	4.99982716147784	5.73817290692404e-07
rs611365	0.174662306904793	0.0349593088030815	4.9961601897975	5.84830863635454e-07
rs592762	0.171844556927681	0.034877210855484	4.92713014351205	8.34461768809514e-07
rs561931	0.227963089942932	0.0355424955487251	6.4138177813209	1.41919828556117e-10
rs478093	0.190123170614243	0.0374221242964268	5.08050182048048	3.76439127242789e-07
rs477992	0.241297081112862	0.0370294824242592	6.51635035964695	7.2038604447944e-11
rs662602	0.244389772415161	0.0370849929749966	6.58999106673509	4.39853041035876e-11
rs483180	-0.244952246546745	0.0371445193886757	-6.59457305083409	4.26481382122344e-11
rs12624485	0.457453995943069	0.0923803001642227	4.95185656606291	7.35087789609761e-07
rs7422339	-0.202198505401611	0.03940200060606	-5.13168119109447	2.87165600748226e-07
rs715	-0.192158371210098	0.0381895788013935	-5.03169653191059	4.86158385682366e-07
rs6593292	-0.212582930922508	0.0397996157407761	-5.34133124066093	9.22664860148808e-08
rs4535700	-0.213001921772957	0.0398048162460327	-5.35115952944982	8.7392436102479e-08
rs4543497	-0.21329939365387	0.0398076474666595	-5.3582516734383	8.40311325782347e-08
rs10229446	-0.210937485098839	0.0401598624885082	-5.25244540265045	1.50092963575452e-07
rs4689	0.217882052063942	0.03978630900383	5.47630724033656	4.34293375082025e-08
rs7800001	-0.226333439350128	0.0409396663308144	-5.52846321514281	3.23048143045521e-08
rs4948099	-0.243388876318932	0.0404010564088821	-6.02431960827201	1.69822491586654e-09
rs4947534	-0.226467370986938	0.0397066287696362	-5.70351545835889	1.17361389366646e-08
rs4275190	0.218281611800194	0.0361703634262085	6.03481942462404	1.59140542831289e-09
rs2016724	0.20769414305687	0.0343911871314049	6.03916760021379	1.54911277353523e-09
rs7793921	-0.207580029964447	0.0360262133181095	-5.76191641712457	8.3164182925535e-09
rs13244654	-0.211822673678398	0.0338462516665459	-6.25837908922028	3.88999314334051e-10
rs2242508	-0.202522397041321	0.0353281833231449	-5.73260150936322	9.89018072919815e-09
rs7783339	0.214339539408684	0.034103661775589	6.28494209270236	3.27975919789384e-10
rs11238394	0.209330141544342	0.033989142626524	6.15873556577999	7.33280486441296e-10
rs816411	-0.215504661202431	0.0341029465198517	-6.31923875190618	2.62854906749986e-10
rs816409	-0.215474888682365	0.034103911370039	-6.31818697698306	2.64649699017595e-10
rs2908543	0.215383380651474	0.0341116972267628	6.3140622766343	2.71804476254996e-10
rs1894832	0.213932067155838	0.0341915339231491	6.25687246546716	3.92774347358846e-10
rs2331180	0.213764980435371	0.0341956168413162	6.25123919908629	4.07208644923002e-10
rs933466	0.21369431912899	0.0341970473527908	6.24891140233341	4.13323277406031e-10
rs860118	0.213666290044785	0.0341977216303349	6.24796857388457	4.15825310946275e-10
