SNP	beta	se	Z	P
rs1402861	-0.314610242843628	0.0620812997221947	-5.067713534534	4.0262272187955e-07
rs3843765	-0.233075678348541	0.036852490156889	-6.32455710201095	2.53959928888759e-10
rs3903703	-0.232646465301514	0.0366384610533714	-6.34978813555015	2.15611664013981e-10
rs2327451	0.232713684439659	0.0366602130234241	6.34785412433273	2.18338963546772e-10
rs4508668	0.232691049575806	0.036659236997366	6.34740569184583	2.18976129552896e-10
rs4814176	0.242039948701859	0.0353155396878719	6.85363867694143	7.19947914532491e-12
rs364585	-0.236961156129837	0.034977350383997	-6.77470287281259	1.24662192491909e-11
rs168622	0.23505263030529	0.0351874977350235	6.6800041331536	2.38935510970788e-11
rs680379	-0.236131891608238	0.0349610857665539	-6.754134959794	1.43689952400557e-11
rs1518834	0.230263695120811	0.0454345680773258	5.06802870292332	4.01956803217029e-07
rs6941782	0.325225263834	0.0653431266546249	4.97719164179269	6.45134407880029e-07
