SNP	beta	se	Z	P
rs224678	-0.332556962966919	0.0589437410235405	-5.64193851954705	1.68146145927132e-08
rs1402861	-0.343521952629089	0.0620813071727753	-5.53342009492569	3.14046084629577e-08
rs6495159	-0.315339922904968	0.0582480914890766	-5.41373828469735	6.17223620281802e-08
rs16949485	0.268774330615997	0.052039697766304	5.16479422734138	2.40703573334704e-07
rs10017180	0.310304194688797	0.0629266351461411	4.93120590300348	8.1723535767611e-07
rs40151	-0.428436160087585	0.0861827507615089	-4.97125186074861	6.65219650834639e-07
rs11756296	-0.244744539260864	0.0496379286050797	-4.93059533583797	8.19793962537406e-07
rs6941782	0.341471910476685	0.0653431266546249	5.22582753472382	1.73377910536317e-07
rs7869474	0.304733783006668	0.0580209977924824	5.25212930836828	1.50350844672351e-07
