SNP	beta	se	Z	P
rs788950	0.276270627975464	0.0556080788373947	4.96817429681963	6.75862017250606e-07
rs1914181	-0.359643876552582	0.051014605909586	-7.04982171556876	1.79147176536014e-12
rs2137949	0.39005434513092	0.0565801858901978	6.89383286735533	5.4308827140435e-12
rs17095224	0.34999030828476	0.0589063353836536	5.94147142247592	2.82474986306626e-09
rs7116837	0.30190896987915	0.0558359585702419	5.40707059769283	6.40638965484139e-08
rs7121768	0.24662609398365	0.0485915988683701	5.07548835039851	3.86502037630971e-07
rs2135689	-0.380283921957016	0.0757874399423599	-5.01776972868117	5.22747797838727e-07
rs11820507	-0.299524515867233	0.0539666190743446	-5.55018122322258	2.85373621104201e-08
rs1399358	-0.245297640562057	0.0454606711864471	-5.39582091861385	6.82109548363734e-08
rs17147636	0.289630472660065	0.0583958178758621	4.95978108014108	7.05726657855961e-07
rs17095079	-0.305930525064468	0.0617441385984421	-4.95481080486217	7.24007016165975e-07
rs7308757	0.413627475500107	0.0614607557654381	6.72994450440368	1.69727809173842e-11
rs12424392	0.39628741145134	0.0643709823489189	6.15630517029069	7.44616775772158e-10
rs7316738	-0.322952091693878	0.0586001090705395	-5.51111758691655	3.56562407379988e-08
rs12579690	0.326674580574036	0.0601568818092346	5.4303775519809	5.62349532522066e-08
rs4275692	-0.320989429950714	0.0497539266943932	-6.45153963268765	1.10719485611941e-10
rs11178610	-0.285930126905441	0.0493184477090836	-5.79763030239854	6.72585182807401e-09
rs12297426	0.356464773416519	0.0582733675837517	6.11711298311704	9.52858118108122e-10
rs11115141	-0.440819621086121	0.0591913312673569	-7.44736791093641	9.52208056961573e-14
rs877337	-0.332164376974106	0.0589103028178215	-5.63847682130094	1.71560907562689e-08
rs16947962	0.313500553369522	0.0570198781788349	5.49809230363964	3.83921965750342e-08
rs12307807	-0.264901220798492	0.0500509850680828	-5.29262751648454	1.20571340977377e-07
rs12307807	-0.264901220798492	0.0500509850680828	-5.29262751648454	1.20571340977377e-07
rs11839873	-0.376652657985687	0.0579657331109047	-6.49785032934967	8.14758003222841e-11
rs17086569	0.402114391326904	0.0644603967666626	6.23816190245463	4.427423035063e-10
rs9562483	0.401504188776016	0.0631627142429352	6.35666458587828	2.06181513846123e-10
rs17081545	0.319358974695206	0.0527568832039833	6.05340867959185	1.41812480129756e-09
rs12429576	-0.307899922132492	0.0482731126248837	-6.37829021975634	1.79075921931006e-10
rs6563008	-0.492673993110657	0.0657369717955589	-7.49462562168009	6.6487862691546e-14
rs11838885	0.440456598997116	0.0640707761049271	6.87453197501137	6.21937077239406e-12
rs17097725	-0.330234110355377	0.0588076896965504	-5.61549198853748	1.96003738686136e-08
rs12100750	0.384846776723862	0.0706566274166107	5.44671874097104	5.13074962617565e-08
rs8015420	-0.336732596158981	0.0573414638638496	-5.8724101805024	4.29504425540863e-09
rs8057949	-0.4072185754776	0.0654948726296425	-6.21756420201504	5.04931587240868e-10
rs729516	-0.344098806381226	0.0573492906987667	-6.00005339540539	1.97252654554543e-09
rs12598102	0.373872816562653	0.0582798756659031	6.41512721657004	1.40705313860819e-10
rs13339024	-0.340455830097198	0.0662035718560219	-5.14255984310958	2.71020072298497e-07
rs10451159	-0.36278709769249	0.0493635758757591	-7.34928722760223	1.9926657754605e-13
rs2071600	-0.321451455354691	0.0614209435880184	-5.23358054397259	1.66257509229358e-07
rs9901735	0.266847133636475	0.0511958338320255	5.21228220468106	1.86531500990898e-07
rs867514	0.327553778886795	0.0545006617903709	6.01008810033692	1.85422535717135e-09
rs12327295	0.299319565296173	0.0544536150991917	5.4967804203805	3.86787821005153e-08
rs16975303	-0.295168459415436	0.0585569180548191	-5.04071029044098	4.63807154237296e-07
rs17074208	0.292637825012207	0.0482111684978008	6.06991770020169	1.27975816059216e-09
rs935098	-0.327855587005615	0.0529144741594791	-6.1959528505847	5.79334686295052e-10
rs16865746	0.292717009782791	0.0578383207321167	5.06095277452013	4.17166544009206e-07
rs6699702	0.351894319057465	0.0542698614299297	6.4841573165211	8.92290819247992e-11
rs10493250	-0.392869412899017	0.0688438192009926	-5.70667661176695	1.15203363155315e-08
rs17111415	0.339301109313965	0.0607733093202114	5.58306126668543	2.3632144709714e-08
rs6668456	0.272253036499023	0.0530730076134205	5.12978345757399	2.90075668035308e-07
rs11265404	0.433321624994278	0.0858852937817574	5.04535300415213	4.52684809801818e-07
rs12083030	0.36831995844841	0.0597774498164654	6.16152009795102	7.20499241648558e-10
rs3912913	-0.373292058706284	0.0591165721416473	-6.31450784750934	2.71022571287247e-10
rs2038052	-0.319048017263412	0.0641604214906693	-4.97266086866045	6.60401298793903e-07
rs4814176	0.174968734383583	0.0353155434131622	4.9544398152563	7.25389638759229e-07
rs168622	0.174787297844887	0.0351875014603138	4.96731198837805	6.78873226439718e-07
rs17742796	-0.338792622089386	0.0545579642057419	-6.20977389866996	5.30608900556887e-10
rs16983616	-0.359533429145813	0.0713995024561882	-5.03551729042409	4.76560107684725e-07
rs16983616	-0.359533429145813	0.0713995024561882	-5.03551729042409	4.76560107684725e-07
rs12482461	-0.308263123035431	0.0478789806365967	-6.43838107947953	1.20754514964269e-10
rs6000350	0.298809260129929	0.0521338619291782	5.73157731026812	9.95009785148599e-09
rs17824359	0.34375849366188	0.0583917051553726	5.88711175238305	3.93002989185065e-09
rs10182839	-0.280042499303818	0.0535867772996426	-5.22596269855709	1.73251287182417e-07
rs17041554	-0.273528426885605	0.0481224246323109	-5.68401174661406	1.31571234382712e-08
rs2376105	0.285661816596985	0.0502026863396168	5.69016993761066	1.26913003366482e-08
rs10496822	-0.260937690734863	0.0480644665658474	-5.42891057320658	5.66990832799601e-08
rs13391565	0.383431822061539	0.0610770545899868	6.27783747326284	3.4331450796385e-10
rs16842134	-0.404312282800674	0.0681777894496918	-5.93026388893138	3.02448205463165e-09
rs2943653	-0.406361758708954	0.0571899078786373	-7.10548021114659	1.19904885948559e-12
rs17043028	-0.269501954317093	0.0543602854013443	-4.95769939998196	7.1332816409317e-07
rs28689520	0.296999275684357	0.0550892241299152	5.39124085291078	6.99728136450065e-08
rs11927632	-0.450663566589355	0.0670917555689812	-6.71712288294498	1.85347660296191e-11
rs6800537	0.247129157185555	0.0492385551333427	5.01901724200285	5.1936488740523e-07
rs3736124	-0.453060001134872	0.0659224987030029	-6.87261572374583	6.3035206039689e-12
rs17019022	0.326455384492874	0.0640940070152283	5.0933839167726	3.51728440814291e-07
rs6549937	-0.317419588565826	0.0533456355333328	-5.95024476496278	2.6774179014437e-09
rs17009311	-0.304476737976074	0.0549052767455578	-5.54549136300835	2.93129806169037e-08
rs6789352	-0.243288919329643	0.0480273701250553	-5.06563067467902	4.07050431509404e-07
rs7639559	-0.255324572324753	0.0495087653398514	-5.15715895098747	2.50724954547016e-07
rs848977	0.29880079627037	0.0539324022829533	5.54028345896273	3.01982439297443e-08
rs6796983	-0.26143541932106	0.0466305464506149	-5.60652703476119	2.06426744481871e-08
rs4698005	-0.234358131885529	0.041883684694767	-5.59545163214377	2.20048190067631e-08
rs16895955	-0.347463011741638	0.0540010556578636	-6.43437443043839	1.2398288528172e-10
rs16994899	-0.237799718976021	0.0452840030193329	-5.25129633249292	1.51032470508695e-07
rs16856644	0.317843228578568	0.0522137694060802	6.08734500868186	1.14798417509586e-09
rs17031772	0.392762005329132	0.0575074218213558	6.82976201835703	8.50556123895118e-12
rs1912043	0.370524108409882	0.052991047501564	6.99220200164841	2.70604867617976e-12
rs6836377	0.301680266857147	0.0482996366918087	6.24601523986846	4.21056111059294e-10
rs13356428	0.394406348466873	0.0583292618393898	6.7617236362921	1.36359628065544e-11
rs6893203	-0.313922077417374	0.054363701492548	-5.77447945593634	7.71913468157288e-09
rs10065849	0.314529448747635	0.0583027973771095	5.39475741984078	6.86161899398823e-08
rs16898046	0.389413863420486	0.0649220272898674	5.99817780923276	1.99543960073831e-09
rs1390315	-0.261334031820297	0.0498879700899124	-5.23841782596683	1.61959060406591e-07
rs7735525	0.312041610479355	0.054399810731411	5.73607897314207	9.68934952473322e-09
rs17131936	-0.439291179180145	0.0560222342610359	-7.84137200121768	4.4565004807833e-15
rs10042385	-0.388100177049637	0.0600842460989952	-6.45926681696564	1.05211467827441e-10
rs7718064	0.300261795520782	0.050423976033926	5.95474254784592	2.60481551985134e-09
rs29265	0.34346815943718	0.0557402260601521	6.16194414185773	7.18572008973223e-10
rs11756296	-0.332823932170868	0.0496379323303699	-6.70503215072955	2.01362028165733e-11
rs10485402	0.3085697889328	0.0618278160691261	4.99079230920604	6.01321266526552e-07
rs9294586	-0.303254127502441	0.0545079633593559	-5.56348299978061	2.64442635915743e-08
rs9499091	0.436844021081924	0.082204170525074	5.3141345298129	1.07165427962988e-07
rs9499749	0.436411112546921	0.0861834809184074	5.06374432659647	4.11100913358161e-07
rs3121443	0.332659244537354	0.0632540360093117	5.25909911089915	1.44762854840861e-07
rs17080674	0.377743542194366	0.0710907056927681	5.31354328970732	1.0751387973299e-07
rs362938	-0.264726519584656	0.0532026365399361	-4.97581580164625	6.49734107464973e-07
rs7805791	-0.315038949251175	0.0635329931974411	-4.95866688150722	7.09785527866069e-07
rs6970485	0.353865444660187	0.0496209636330605	7.13136986369246	9.93748835356973e-13
rs17168937	-0.426041483879089	0.0575876049697399	-7.3981455575893	1.38099430621271e-13
rs1362226	-0.303360372781754	0.0591482408344746	-5.12881479654996	2.91572012153594e-07
rs17158240	-0.313169628381729	0.0597330778837204	-5.24281753890804	1.5814290681734e-07
rs16888146	0.399714350700378	0.0599576830863953	6.66660768269538	2.61783634447855e-11
rs17161967	0.295879781246185	0.0577951371669769	5.11945806774978	3.06414887726227e-07
rs6951205	-0.413750678300858	0.0587238967418671	-7.04569521534962	1.8453778977257e-12
rs1227170	-0.292679309844971	0.0589015334844589	-4.9689590835898	6.73132706494007e-07
rs17161201	-0.356332957744598	0.0617183446884155	-5.77353393943959	7.76259616350781e-09
rs6982012	-0.382083475589752	0.0646621882915497	-5.90891656600004	3.44365050681411e-09
rs4270992	-0.239251181483269	0.0441201217472553	-5.42272260384578	5.86980466554565e-08
rs1478044	-0.269685566425323	0.0531393475830555	-5.07506355820065	3.87366498887835e-07
rs4469409	-0.361624479293823	0.0541415028274059	-6.67924716546236	2.40172804683501e-11
rs6984437	-0.352718234062195	0.0553929321467876	-6.36756749268147	1.92049549745662e-10
rs12676149	0.372095614671707	0.0746297314763069	4.98588976954631	6.16773032968731e-07
rs10088788	-0.293760716915131	0.0486457496881485	-6.03877458561811	1.55288996318188e-09
rs7832481	-0.361271798610687	0.0720503702759743	-5.01415603038414	5.32667493620022e-07
rs12541606	0.378709524869919	0.0537786521017551	7.04200477455923	1.89493332974918e-12
rs16893382	-0.370907843112946	0.0663312375545502	-5.5917521937973	2.2478949025619e-08
rs16906186	0.289179623126984	0.0555403418838978	5.20665903950481	1.92270910117189e-07
rs2735959	-0.509510457515717	0.0992543399333954	-5.13338215596037	2.84581242470084e-07
rs2735959	-0.509510457515717	0.0992543399333954	-5.13338215596037	2.84581242470084e-07
rs2784631	-0.342747181653976	0.0620870590209961	-5.52042868608205	3.38173620222719e-08
rs10965295	-0.389917820692062	0.063441164791584	-6.14613275107754	7.93948433253974e-10
rs7039191	-0.35234922170639	0.0597994402050972	-5.89218261070538	3.81127653468937e-09
rs10491627	-0.262270539999008	0.0354835316538811	-7.39133135216887	1.45365857473929e-13
rs10123653	0.319789677858353	0.0628987178206444	5.08420026573885	3.69178256017041e-07
rs10122943	0.230423972010612	0.0455483496189117	5.05888740071802	4.21709778310935e-07
rs10124199	-0.27036315202713	0.0544867888092995	-4.9619946033778	6.97729346480963e-07
