SNP	beta	se	Z	P
rs174547	-0.180533900856972	0.0362538620829582	-4.97971500095256	6.36779761866911e-07
rs174574	-0.180463045835495	0.0366601198911667	-4.92259835404897	8.54026177966308e-07
rs174576	-0.185144737362862	0.036542896181345	-5.06650421039637	4.05187792949582e-07
rs174578	-0.184964567422867	0.0365439429879189	-5.06142885249177	4.16126025058014e-07
rs174583	0.186001971364021	0.0366216115653515	5.07902201496784	3.79382751512316e-07
rs9589196	-0.190859258174896	0.0383792519569397	-4.97298015055202	6.59314141282889e-07
rs7328085	0.187632039189339	0.0382479317486286	4.90567804875009	9.31051374395865e-07
rs6452310	-0.185696616768837	0.036904189735651	-5.03185730669074	4.85750766136687e-07
rs7700465	-0.186133489012718	0.0377044193446636	-4.9366491315311	7.94762685189276e-07
